300175,300072,0.14
300175,300149,0.07
300175,300126,0.13
300175,300078,0.07
300175,300003,0.06
300175,300009,0.07
300116,300204,0.06
300116,300115,0.15
300116,300210,0.10
300116,300011,0.06
300116,300132,0.05
300116,300018,0.07
300116,300110,0.06
300116,300186,0.06
300116,300130,0.10
300116,300081,0.08
300116,300111,0.07
300116,300034,0.06
300116,300173,0.07
300116,300080,0.06
300072,300175,0.14
300072,300149,0.07
300072,300126,0.89
300072,300202,0.06
300072,300078,0.07
300176,300159,0.43
300176,300164,0.17
300176,300158,0.08
300176,300196,0.06
300038,300037,0.06
300038,300096,0.05
300019,300002,0.06
300019,300010,0.05
300019,300124,0.07
300019,300112,0.08
300019,300099,0.06
300019,300086,0.06
300019,300210,0.10
300019,300209,0.06
300019,300052,0.05
300019,300130,0.05
300019,300082,0.06
300019,300083,0.06
300019,300013,0.11
300019,300048,0.05
300138,300194,0.09
300138,300124,0.10
300138,300099,0.07
300138,300190,0.11
300138,300197,0.09
300138,300183,0.08
300138,300207,0.08
300138,300150,0.08
300138,300055,0.08
300119,300030,0.05
300002,300019,0.06
300002,300010,0.05
300002,300209,0.06
300002,300202,0.05
300002,300130,0.05
300002,300048,0.05
300010,300019,0.05
300010,300002,0.05
300010,300028,0.05
300010,300192,0.04
300010,300159,0.06
300010,300140,0.06
300010,300093,0.11
300010,300209,0.05
300010,300026,0.05
300010,300091,0.05
300010,300130,0.04
300010,300137,0.04
300010,300131,0.05
300010,300196,0.04
300010,300048,0.04
300010,300055,0.05
300194,300138,0.09
300194,300124,0.08
300194,300190,0.09
300194,300059,0.07
300194,300197,0.08
300194,300115,0.08
300194,300183,0.07
300194,300207,0.07
300194,300186,0.07
300194,300150,0.07
300168,300076,0.05
300168,300156,0.05
300168,300135,0.05
300168,300210,0.04
300168,300183,0.11
300168,300209,0.05
300168,300036,0.04
300168,300052,0.04
300168,300151,0.05
300168,300027,0.05
300168,300102,0.04
300063,300027,0.07
300022,300149,0.08
300022,300154,0.06
300022,300090,0.07
300022,300130,0.06
300022,300030,0.06
300022,300027,0.08
300022,300092,0.07
300022,300053,0.08
300022,300173,0.09
300022,300041,0.07
300040,300143,0.06
300040,300207,0.08
300040,300198,0.07
300040,300193,0.12
300076,300168,0.05
300076,300154,0.05
300076,300090,0.07
300076,300210,0.05
300076,300183,0.07
300076,300094,0.08
300076,300209,0.06
300076,300088,0.06
300076,300091,0.06
300076,300126,0.07
300076,300074,0.08
300076,300052,0.20
300076,300021,0.06
300076,300096,0.06
300076,300017,0.06
300076,300151,0.78
300076,300042,0.08
300076,300174,0.07
300076,300082,0.06
300076,300016,0.07
300076,300167,0.11
300076,300092,0.06
300076,300102,0.06
300076,300213,0.08
300076,300147,0.07
300076,300083,0.07
300076,300013,0.20
300165,300157,0.07
300165,300004,0.06
300165,300136,0.06
300165,300213,0.07
300070,300197,0.06
300070,300054,0.06
300070,300079,0.06
300070,300120,0.08
300061,300128,0.08
300061,300146,0.06
300061,300137,0.06
300061,300106,0.06
300014,300088,0.06
300014,300071,0.07
300014,300146,0.05
300014,300067,0.05
300014,300039,0.08
300156,300168,0.05
300156,300135,0.06
300156,300183,0.06
300156,300036,0.05
300156,300089,0.07
300156,300052,0.05
300156,300073,0.05
300156,300027,0.06
300156,300102,0.05
300156,300181,0.07
300156,300127,0.07
300033,300103,0.06
300033,300207,0.06
300033,300049,0.14
300149,300175,0.07
300149,300072,0.07
300149,300022,0.08
300149,300012,0.14
300149,300126,0.06
300149,300078,0.07
300149,300173,0.08
300105,300000,0.08
300105,300177,0.08
300105,300171,0.06
300062,300204,0.06
300062,300123,0.06
300062,300004,0.06
300062,300132,0.05
300062,300095,0.05
300062,300206,0.05
300062,300173,0.07
300170,300145,0.05
300170,300143,0.05
300170,300166,0.06
300170,300036,0.05
300170,300148,0.07
300180,300124,0.07
300180,300005,0.06
300180,300195,0.06
300180,300100,0.07
300180,300179,0.19
300180,300181,0.23
300124,300019,0.07
300124,300138,0.10
300124,300194,0.08
300124,300180,0.07
300124,300112,0.10
300124,300099,0.07
300124,300086,0.07
300124,300190,0.10
300124,300197,0.08
300124,300210,0.05
300124,300183,0.08
300124,300207,0.08
300124,300052,0.06
300124,300150,0.08
300124,300082,0.07
300124,300083,0.07
300124,300013,0.06
300012,300149,0.14
300112,300019,0.08
300112,300124,0.10
300112,300099,0.07
300112,300086,0.08
300112,300210,0.06
300112,300104,0.08
300112,300098,0.67
300112,300052,0.07
300112,300021,0.07
300112,300082,0.07
300112,300083,0.08
300112,300013,0.07
300112,300107,0.09
300204,300116,0.06
300204,300062,0.06
300204,300154,0.05
300204,300115,0.07
300204,300210,0.05
300204,300085,0.06
300204,300011,0.06
300204,300132,0.10
300204,300166,0.06
300204,300036,0.05
300204,300186,0.12
300204,300130,0.05
300204,300081,0.08
300204,300092,0.06
300204,300015,0.06
300204,300013,0.05
300204,300053,0.06
300204,300173,0.15
300154,300022,0.06
300154,300076,0.05
300154,300204,0.05
300154,300169,0.04
300154,300201,0.05
300154,300085,0.10
300154,300051,0.05
300154,300088,0.10
300154,300166,0.05
300154,300036,0.04
300154,300097,0.05
300154,300074,0.06
300154,300122,0.05
300154,300052,0.04
300154,300021,0.05
300154,300151,0.05
300154,300042,0.06
300154,300067,0.09
300154,300015,0.05
300154,300147,0.05
300154,300137,0.04
300154,300013,0.04
300154,300084,0.11
300045,300145,0.06
300045,300103,0.07
300045,300140,0.08
300045,300079,0.08
300045,300118,0.08
300045,300006,0.07
300045,300098,0.09
300045,300207,0.07
300045,300096,0.06
300045,300030,0.06
300045,300101,0.07
300045,300114,0.08
300045,300109,0.18
300045,300129,0.18
300045,300034,0.07
300045,300196,0.05
300045,300139,0.08
300045,300107,0.08
300045,300120,0.10
300045,300162,0.10
300099,300019,0.06
300099,300138,0.07
300099,300124,0.07
300099,300112,0.07
300099,300086,0.06
300099,300210,0.04
300099,300103,0.06
300099,300182,0.13
300099,300202,0.05
300099,300052,0.05
300099,300110,0.12
300099,300113,0.06
300099,300071,0.21
300099,300187,0.05
300099,300095,0.05
300099,300082,0.43
300099,300179,0.05
300099,300083,0.06
300099,300013,0.05
300099,300172,0.06
300099,300080,0.05
300099,300084,0.06
300028,300010,0.05
300028,300075,0.07
300028,300145,0.06
300028,300086,0.06
300028,300103,0.06
300028,300093,0.14
300028,300088,0.06
300028,300026,0.06
300028,300091,0.06
300028,300089,0.07
300028,300052,0.06
300028,300100,0.08
300028,300067,0.05
300028,300092,0.06
300075,300028,0.07
300075,300000,0.08
300075,300103,0.07
300075,300182,0.08
300075,300088,0.06
300075,300166,0.07
300075,300097,0.07
300075,300052,0.06
300075,300030,0.06
300075,300117,0.09
300075,300067,0.06
300075,300114,0.08
300075,300092,0.06
300161,300207,0.07
300161,300113,0.08
300157,300165,0.07
300157,300004,0.07
300157,300213,0.40
300135,300168,0.05
300135,300156,0.06
300135,300183,0.06
300135,300093,0.06
300135,300036,0.05
300135,300052,0.05
300135,300027,0.06
300135,300102,0.11
300145,300170,0.05
300145,300045,0.06
300145,300028,0.06
300145,300086,0.05
300145,300103,0.05
300145,300140,0.06
300145,300079,0.06
300145,300118,0.06
300145,300006,0.05
300145,300142,0.06
300145,300098,0.07
300145,300166,0.06
300145,300057,0.05
300145,300089,0.06
300145,300100,0.06
300145,300096,0.05
300145,300030,0.05
300145,300101,0.05
300145,300114,0.06
300145,300109,0.06
300145,300129,0.06
300145,300137,0.05
300145,300034,0.06
300145,300008,0.05
300145,300107,0.06
300145,300120,0.07
300145,300162,0.07
300005,300180,0.06
300005,300160,0.08
300005,300044,0.07
300005,300100,0.07
300005,300186,0.06
300005,300189,0.06
300086,300019,0.06
300086,300124,0.07
300086,300112,0.08
300086,300099,0.06
300086,300028,0.06
300086,300145,0.05
300086,300210,0.05
300086,300037,0.06
300086,300089,0.07
300086,300052,0.05
300086,300100,0.07
300086,300082,0.06
300086,300083,0.06
300086,300013,0.05
300199,300183,0.07
300199,300053,0.07
300000,300105,0.08
300000,300075,0.08
300000,300182,0.08
300000,300166,0.08
300000,300097,0.08
300000,300091,0.06
300000,300113,0.08
300000,300177,0.09
300000,300030,0.06
300000,300117,0.10
300000,300114,0.08
300000,300133,0.08
300000,300144,0.08
300169,300154,0.04
300169,300201,0.06
300169,300088,0.05
300169,300122,0.06
300169,300067,0.05
300169,300080,0.05
300192,300010,0.04
300192,300158,0.05
300192,300196,0.04
300192,300193,0.07
300190,300138,0.11
300190,300194,0.09
300190,300124,0.10
300190,300197,0.20
300190,300183,0.08
300190,300207,0.08
300190,300150,0.18
300190,300055,0.08
300059,300194,0.07
300059,300185,0.06
300059,300186,0.06
300059,300172,0.06
300059,300198,0.06
300059,300048,0.05
300108,300141,0.08
300108,300041,0.07
300197,300138,0.09
300197,300194,0.08
300197,300070,0.06
300197,300124,0.08
300197,300190,0.20
300197,300183,0.15
300197,300054,0.07
300197,300207,0.07
300197,300150,0.15
300197,300064,0.08
300197,300198,0.06
300090,300022,0.07
300090,300076,0.07
300090,300123,0.06
300090,300094,0.07
300090,300068,0.06
300090,300088,0.06
300090,300052,0.05
300090,300141,0.07
300090,300096,0.05
300090,300017,0.06
300090,300151,0.06
300090,300130,0.05
300090,300095,0.05
300090,300082,0.06
300090,300016,0.06
300090,300027,0.13
300090,300167,0.09
300090,300092,0.27
300090,300102,0.05
300090,300147,0.06
300090,300083,0.06
300090,300013,0.11
300090,300008,0.06
300090,300107,0.07
300090,300041,0.12
300090,300048,0.05
300159,300176,0.43
300159,300010,0.06
300159,300164,0.17
300159,300140,0.10
300159,300158,0.08
300159,300131,0.07
300159,300196,0.06
300159,300055,0.08
300115,300116,0.15
300115,300194,0.08
300115,300204,0.07
300115,300210,0.11
300115,300011,0.07
300115,300132,0.06
300115,300186,0.07
300115,300130,0.12
300115,300081,0.10
300115,300111,0.09
300115,300173,0.09
300210,300116,0.10
300210,300019,0.10
300210,300168,0.04
300210,300076,0.05
300210,300124,0.05
300210,300112,0.06
300210,300204,0.05
300210,300099,0.04
300210,300086,0.05
300210,300115,0.11
300210,300183,0.05
300210,300011,0.05
300210,300209,0.04
300210,300132,0.04
300210,300052,0.04
300210,300186,0.05
300210,300151,0.05
300210,300130,0.08
300210,300081,0.06
300210,300146,0.04
300210,300082,0.04
300210,300073,0.04
300210,300083,0.10
300210,300111,0.05
300210,300013,0.09
300210,300173,0.05
300037,300038,0.06
300037,300086,0.06
300037,300096,0.05
300037,300082,0.06
300037,300214,0.05
300195,300180,0.06
300195,300020,0.06
300195,300143,0.05
300195,300185,0.06
300195,300089,0.06
300195,300017,0.05
300195,300007,0.05
300195,300139,0.07
300195,300107,0.06
300195,300048,0.05
300195,300055,0.12
300164,300176,0.17
300164,300159,0.17
300164,300158,0.06
300164,300196,0.05
300160,300005,0.08
300160,300044,0.10
300104,300112,0.08
300104,300098,0.08
300104,300132,0.05
300125,300023,0.06
300123,300062,0.06
300123,300090,0.06
300123,300054,0.06
300123,300071,0.07
300123,300100,0.08
300123,300095,0.11
300123,300178,0.07
300123,300211,0.07
300212,300200,0.08
300212,300049,0.07
300212,300141,0.07
300183,300138,0.08
300183,300194,0.07
300183,300168,0.11
300183,300076,0.07
300183,300156,0.06
300183,300124,0.08
300183,300135,0.06
300183,300199,0.07
300183,300190,0.08
300183,300197,0.15
300183,300210,0.05
300183,300209,0.06
300183,300207,0.07
300183,300036,0.06
300183,300052,0.06
300183,300151,0.06
300183,300150,0.07
300183,300027,0.07
300183,300102,0.06
300183,300053,0.07
300004,300165,0.06
300004,300062,0.06
300004,300157,0.07
300004,300020,0.06
300004,300018,0.25
300103,300033,0.06
300103,300045,0.07
300103,300099,0.06
300103,300028,0.06
300103,300075,0.07
300103,300145,0.05
300103,300140,0.07
300103,300079,0.07
300103,300118,0.07
300103,300006,0.06
300103,300182,0.07
300103,300088,0.06
300103,300098,0.08
300103,300052,0.05
300103,300110,0.06
300103,300071,0.07
300103,300096,0.05
300103,300030,0.05
300103,300081,0.08
300103,300101,0.06
300103,300082,0.06
300103,300067,0.05
300103,300114,0.07
300103,300109,0.07
300103,300092,0.06
300103,300129,0.07
300103,300035,0.06
300103,300034,0.06
300103,300107,0.07
300103,300120,0.08
300103,300162,0.08
300043,300162,0.10
300201,300154,0.05
300201,300169,0.06
300201,300031,0.07
300201,300088,0.06
300201,300184,0.07
300201,300122,0.88
300201,300067,0.06
300201,300171,0.06
300201,300035,0.07
300031,300201,0.07
300031,300184,0.06
300031,300122,0.06
300031,300016,0.06
300031,300035,0.06
300031,300003,0.38
300140,300010,0.06
300140,300045,0.08
300140,300145,0.06
300140,300159,0.10
300140,300103,0.07
300140,300079,0.08
300140,300118,0.09
300140,300006,0.07
300140,300098,0.10
300140,300096,0.06
300140,300030,0.06
300140,300117,0.10
300140,300101,0.07
300140,300114,0.08
300140,300109,0.09
300140,300129,0.09
300140,300034,0.08
300140,300131,0.07
300140,300107,0.08
300140,300120,0.11
300140,300162,0.11
300140,300080,0.07
300140,300055,0.07
300020,300195,0.06
300020,300004,0.06
300020,300048,0.05
300158,300176,0.08
300158,300192,0.05
300158,300159,0.08
300158,300164,0.06
300158,300093,0.07
300158,300132,0.05
300158,300046,0.07
300054,300070,0.06
300054,300197,0.07
300054,300123,0.06
300054,300095,0.05
300054,300007,0.05
300054,300178,0.07
300054,300008,0.06
300054,300053,0.06
300054,300211,0.07
300079,300070,0.06
300079,300045,0.08
300079,300145,0.06
300079,300103,0.07
300079,300140,0.08
300079,300118,0.08
300079,300006,0.07
300079,300098,0.09
300079,300096,0.06
300079,300030,0.06
300079,300101,0.07
300079,300114,0.08
300079,300109,0.08
300079,300102,0.06
300079,300129,0.08
300079,300034,0.07
300079,300077,0.11
300079,300107,0.08
300079,300120,0.57
300079,300162,0.10
300085,300204,0.06
300085,300154,0.10
300085,300051,0.06
300085,300088,0.05
300085,300166,0.06
300085,300036,0.05
300085,300097,0.06
300085,300202,0.05
300085,300067,0.05
300085,300078,0.06
300085,300015,0.05
300085,300137,0.05
300085,300023,0.06
300093,300010,0.11
300093,300028,0.14
300093,300135,0.06
300093,300158,0.07
300093,300132,0.05
300093,300026,0.06
300093,300091,0.06
300093,300102,0.06
300093,300137,0.05
300200,300212,0.08
300200,300049,0.09
300200,300184,0.18
300011,300116,0.06
300011,300204,0.06
300011,300115,0.07
300011,300210,0.05
300011,300132,0.05
300011,300036,0.11
300011,300100,0.07
300011,300186,0.06
300011,300130,0.05
300011,300081,0.08
300011,300173,0.07
300118,300045,0.08
300118,300145,0.06
300118,300103,0.07
300118,300140,0.09
300118,300079,0.08
300118,300006,0.07
300118,300098,0.10
300118,300096,0.06
300118,300150,0.08
300118,300030,0.06
300118,300101,0.15
300118,300114,0.08
300118,300109,0.09
300118,300171,0.07
300118,300129,0.09
300118,300111,0.09
300118,300034,0.08
300118,300053,0.08
300118,300107,0.08
300118,300120,0.11
300118,300162,0.11
300051,300154,0.05
300051,300085,0.06
300051,300088,0.06
300051,300166,0.06
300051,300097,0.06
300051,300174,0.06
300051,300067,0.05
300051,300137,0.05
300051,300127,0.07
300128,300061,0.08
300044,300005,0.07
300044,300160,0.10
300044,300102,0.06
300094,300076,0.08
300094,300090,0.07
300094,300088,0.13
300094,300166,0.07
300094,300052,0.06
300094,300096,0.12
300094,300017,0.13
300094,300151,0.07
300094,300082,0.06
300094,300067,0.06
300094,300016,0.07
300094,300167,0.11
300094,300092,0.06
300094,300102,0.06
300094,300147,0.07
300094,300083,0.14
300094,300013,0.06
300094,300066,0.06
300032,300132,0.05
300032,300008,0.06
300209,300019,0.06
300209,300002,0.06
300209,300010,0.05
300209,300168,0.05
300209,300076,0.06
300209,300210,0.04
300209,300183,0.06
300209,300151,0.06
300209,300130,0.05
300209,300030,0.05
300209,300083,0.06
300209,300053,0.06
300209,300009,0.06
300209,300048,0.05
300068,300090,0.06
300068,300057,0.06
300068,300177,0.14
300006,300045,0.07
300006,300145,0.05
300006,300103,0.06
300006,300140,0.07
300006,300079,0.07
300006,300118,0.07
300006,300098,0.08
300006,300185,0.06
300006,300089,0.07
300006,300096,0.05
300006,300047,0.09
300006,300030,0.05
300006,300101,0.06
300006,300007,0.11
300006,300114,0.07
300006,300016,0.06
300006,300109,0.07
300006,300129,0.07
300006,300056,0.70
300006,300034,0.06
300006,300107,0.14
300006,300120,0.08
300006,300162,0.08
300006,300055,0.06
300134,300026,0.06
300134,300130,0.05
300182,300099,0.13
300182,300075,0.08
300182,300000,0.08
300182,300103,0.07
300182,300166,0.07
300182,300097,0.07
300182,300110,0.14
300182,300113,0.08
300182,300071,0.17
300182,300030,0.06
300182,300117,0.09
300182,300082,0.13
300182,300114,0.08
300182,300172,0.07
300088,300076,0.06
300088,300014,0.06
300088,300154,0.10
300088,300028,0.06
300088,300075,0.06
300088,300169,0.05
300088,300090,0.06
300088,300103,0.06
300088,300201,0.06
300088,300085,0.05
300088,300051,0.06
300088,300094,0.13
300088,300166,0.06
300088,300097,0.06
300088,300122,0.06
300088,300052,0.11
300088,300096,0.10
300088,300017,0.11
300088,300151,0.06
300088,300082,0.05
300088,300136,0.06
300088,300067,0.69
300088,300016,0.06
300088,300167,0.08
300088,300092,0.11
300088,300102,0.05
300088,300147,0.06
300088,300083,0.12
300088,300137,0.05
300088,300013,0.05
300088,300066,0.05
300142,300145,0.06
300142,300008,0.07
300098,300112,0.67
300098,300045,0.09
300098,300145,0.07
300098,300104,0.08
300098,300103,0.08
300098,300140,0.10
300098,300079,0.09
300098,300118,0.10
300098,300006,0.08
300098,300021,0.07
300098,300096,0.06
300098,300030,0.07
300098,300101,0.08
300098,300114,0.09
300098,300109,0.10
300098,300129,0.10
300098,300034,0.08
300098,300107,0.20
300098,300120,0.12
300098,300162,0.12
300132,300116,0.05
300132,300062,0.05
300132,300204,0.10
300132,300115,0.06
300132,300210,0.04
300132,300104,0.05
300132,300158,0.05
300132,300093,0.05
300132,300011,0.05
300132,300032,0.05
300132,300186,0.05
300132,300130,0.04
300132,300081,0.06
300132,300173,0.12
300026,300010,0.05
300026,300028,0.06
300026,300093,0.06
300026,300134,0.06
300026,300091,0.05
300026,300130,0.05
300143,300040,0.06
300143,300170,0.05
300143,300195,0.05
300143,300185,0.05
300143,300036,0.05
300143,300198,0.05
300143,300193,0.08
300185,300059,0.06
300185,300195,0.06
300185,300006,0.06
300185,300143,0.05
300185,300089,0.07
300185,300007,0.05
300185,300056,0.06
300185,300172,0.06
300185,300107,0.07
300185,300048,0.05
300185,300055,0.06
300166,300170,0.06
300166,300204,0.06
300166,300154,0.05
300166,300075,0.07
300166,300145,0.06
300166,300000,0.08
300166,300085,0.06
300166,300051,0.06
300166,300094,0.07
300166,300182,0.07
300166,300088,0.06
300166,300097,0.14
300166,300030,0.06
300166,300117,0.08
300166,300067,0.05
300166,300114,0.07
300166,300092,0.06
300166,300137,0.05
300207,300138,0.08
300207,300194,0.07
300207,300040,0.08
300207,300033,0.06
300207,300124,0.08
300207,300045,0.07
300207,300161,0.07
300207,300190,0.08
300207,300197,0.07
300207,300183,0.07
300207,300113,0.07
300207,300150,0.07
300207,300109,0.08
300207,300129,0.08
300207,300196,0.10
300207,300139,0.08
300036,300168,0.04
300036,300156,0.05
300036,300170,0.05
300036,300204,0.05
300036,300154,0.04
300036,300135,0.05
300036,300183,0.06
300036,300085,0.05
300036,300011,0.11
300036,300143,0.05
300036,300052,0.05
300036,300100,0.06
300036,300027,0.06
300036,300102,0.05
300036,300015,0.05
300097,300154,0.05
300097,300075,0.07
300097,300000,0.08
300097,300085,0.06
300097,300051,0.06
300097,300182,0.07
300097,300088,0.06
300097,300166,0.14
300097,300091,0.06
300097,300030,0.06
300097,300117,0.08
300097,300067,0.05
300097,300114,0.07
300097,300137,0.05
300018,300116,0.07
300018,300004,0.25
300018,300110,0.07
300018,300034,0.08
300018,300080,0.07
300057,300145,0.05
300057,300068,0.06
300057,300177,0.07
300057,300153,0.07
300057,300137,0.05
300049,300033,0.14
300049,300212,0.07
300049,300200,0.09
300049,300187,0.06
300091,300010,0.05
300091,300076,0.06
300091,300028,0.06
300091,300000,0.06
300091,300093,0.06
300091,300026,0.05
300091,300097,0.06
300091,300151,0.05
300091,300133,0.06
300091,300144,0.06
300089,300156,0.07
300089,300028,0.07
300089,300145,0.06
300089,300086,0.07
300089,300195,0.06
300089,300006,0.07
300089,300185,0.07
300089,300052,0.06
300089,300100,0.08
300089,300007,0.12
300089,300073,0.05
300089,300056,0.07
300089,300107,0.17
300089,300055,0.07
300126,300175,0.13
300126,300072,0.89
300126,300076,0.07
300126,300149,0.06
300126,300202,0.05
300126,300052,0.05
300126,300151,0.06
300126,300174,0.06
300126,300213,0.07
300126,300078,0.06
300126,300013,0.05
300184,300201,0.07
300184,300031,0.06
300184,300200,0.18
300184,300122,0.07
300184,300035,0.13
300202,300072,0.06
300202,300002,0.05
300202,300099,0.05
300202,300085,0.05
300202,300126,0.05
300202,300050,0.06
300202,300179,0.05
300202,300171,0.05
300202,300015,0.05
300202,300084,0.06
300074,300076,0.08
300074,300154,0.06
300074,300052,0.06
300074,300021,0.07
300074,300151,0.07
300074,300042,0.09
300074,300073,0.06
300074,300111,0.09
300074,300013,0.06
300074,300106,0.14
300074,300214,0.05
300122,300154,0.05
300122,300169,0.06
300122,300201,0.88
300122,300031,0.06
300122,300088,0.06
300122,300184,0.07
300122,300067,0.05
300122,300171,0.06
300122,300035,0.06
300052,300019,0.05
300052,300168,0.04
300052,300076,0.20
300052,300156,0.05
300052,300124,0.06
300052,300112,0.07
300052,300154,0.04
300052,300099,0.05
300052,300028,0.06
300052,300075,0.06
300052,300135,0.05
300052,300086,0.05
300052,300090,0.05
300052,300210,0.04
300052,300183,0.06
300052,300103,0.05
300052,300094,0.06
300052,300088,0.11
300052,300036,0.05
300052,300089,0.06
300052,300126,0.05
300052,300074,0.06
300052,300021,0.05
300052,300096,0.05
300052,300017,0.05
300052,300151,0.18
300052,300042,0.06
300052,300174,0.05
300052,300082,0.11
300052,300067,0.05
300052,300016,0.05
300052,300027,0.12
300052,300167,0.08
300052,300092,0.11
300052,300102,0.10
300052,300213,0.06
300052,300147,0.05
300052,300083,0.11
300052,300013,0.22
300110,300116,0.06
300110,300099,0.12
300110,300103,0.06
300110,300182,0.14
300110,300018,0.07
300110,300113,0.07
300110,300071,0.14
300110,300030,0.05
300110,300095,0.11
300110,300082,0.12
300110,300073,0.05
300110,300023,0.07
300110,300172,0.06
300110,300034,0.06
300110,300106,0.06
300110,300214,0.05
300110,300080,0.06
300113,300099,0.06
300113,300161,0.08
300113,300000,0.08
300113,300182,0.08
300113,300207,0.07
300113,300110,0.07
300113,300071,0.08
300113,300082,0.06
300113,300172,0.07
300141,300108,0.08
300141,300090,0.07
300141,300212,0.07
300141,300130,0.05
300141,300027,0.07
300141,300092,0.06
300141,300008,0.07
300141,300107,0.08
300141,300041,0.07
300071,300014,0.07
300071,300099,0.21
300071,300123,0.07
300071,300103,0.07
300071,300182,0.17
300071,300110,0.14
300071,300113,0.08
300071,300082,0.21
300071,300172,0.07
300100,300180,0.07
300100,300028,0.08
300100,300145,0.06
300100,300005,0.07
300100,300086,0.07
300100,300123,0.08
300100,300011,0.07
300100,300036,0.06
300100,300089,0.08
300186,300116,0.06
300186,300194,0.07
300186,300204,0.12
300186,300005,0.06
300186,300059,0.06
300186,300115,0.07
300186,300210,0.05
300186,300011,0.06
300186,300132,0.05
300186,300130,0.05
300186,300081,0.08
300186,300173,0.07
300186,300041,0.06
300186,300080,0.06
300186,300084,0.07
300021,300076,0.06
300021,300112,0.07
300021,300154,0.05
300021,300098,0.07
300021,300074,0.07
300021,300052,0.05
300021,300151,0.06
300021,300042,0.33
300021,300187,0.05
300021,300153,0.06
300021,300013,0.05
300021,300189,0.05
300021,300107,0.06
300096,300038,0.05
300096,300076,0.06
300096,300045,0.06
300096,300145,0.05
300096,300090,0.05
300096,300037,0.05
300096,300103,0.05
300096,300140,0.06
300096,300079,0.06
300096,300118,0.06
300096,300094,0.12
300096,300006,0.05
300096,300088,0.10
300096,300098,0.06
300096,300052,0.05
300096,300017,0.10
300096,300151,0.05
300096,300030,0.05
300096,300101,0.05
300096,300082,0.05
300096,300067,0.04
300096,300114,0.06
300096,300016,0.05
300096,300109,0.06
300096,300167,0.07
300096,300092,0.05
300096,300102,0.05
300096,300129,0.06
300096,300147,0.05
300096,300083,0.11
300096,300013,0.05
300096,300034,0.05
300096,300107,0.06
300096,300120,0.07
300096,300066,0.04
300096,300162,0.07
300155,300148,0.33
300155,300208,0.07
300017,300076,0.06
300017,300090,0.06
300017,300195,0.05
300017,300094,0.13
300017,300088,0.11
300017,300052,0.05
300017,300096,0.10
300017,300151,0.06
300017,300058,0.10
300017,300146,0.05
300017,300082,0.05
300017,300067,0.05
300017,300016,0.06
300017,300167,0.08
300017,300092,0.05
300017,300102,0.05
300017,300147,0.06
300017,300083,0.12
300017,300013,0.05
300017,300066,0.05
300017,300055,0.06
300047,300006,0.09
300047,300016,0.09
300047,300056,0.10
300177,300105,0.08
300177,300000,0.09
300177,300068,0.14
300177,300057,0.07
300151,300168,0.05
300151,300076,0.78
300151,300154,0.05
300151,300090,0.06
300151,300210,0.05
300151,300183,0.06
300151,300094,0.07
300151,300209,0.06
300151,300088,0.06
300151,300091,0.05
300151,300126,0.06
300151,300074,0.07
300151,300052,0.18
300151,300021,0.06
300151,300096,0.05
300151,300017,0.06
300151,300042,0.07
300151,300174,0.06
300151,300082,0.06
300151,300016,0.06
300151,300167,0.09
300151,300092,0.06
300151,300102,0.05
300151,300213,0.07
300151,300147,0.06
300151,300083,0.06
300151,300013,0.18
300042,300076,0.08
300042,300154,0.06
300042,300074,0.09
300042,300052,0.06
300042,300021,0.33
300042,300151,0.07
300042,300187,0.06
300042,300013,0.06
300130,300116,0.10
300130,300019,0.05
300130,300002,0.05
300130,300010,0.04
300130,300022,0.06
300130,300204,0.05
300130,300090,0.05
300130,300115,0.12
300130,300210,0.08
300130,300011,0.05
300130,300209,0.05
300130,300134,0.05
300130,300132,0.04
300130,300026,0.05
300130,300141,0.05
300130,300186,0.05
300130,300030,0.04
300130,300081,0.06
300130,300027,0.05
300130,300092,0.05
300130,300111,0.06
300130,300008,0.05
300130,300053,0.05
300130,300107,0.05
300130,300173,0.06
300130,300041,0.05
300130,300048,0.04
300187,300099,0.05
300187,300049,0.06
300187,300021,0.05
300187,300042,0.06
300187,300095,0.04
300187,300082,0.05
300150,300138,0.08
300150,300194,0.07
300150,300124,0.08
300150,300190,0.18
300150,300197,0.15
300150,300183,0.07
300150,300118,0.08
300150,300207,0.07
300150,300101,0.06
300150,300171,0.06
300150,300053,0.14
300058,300017,0.10
300058,300146,0.09
300058,300136,0.05
300030,300119,0.05
300030,300022,0.06
300030,300045,0.06
300030,300075,0.06
300030,300145,0.05
300030,300000,0.06
300030,300103,0.05
300030,300140,0.06
300030,300079,0.06
300030,300118,0.06
300030,300209,0.05
300030,300006,0.05
300030,300182,0.06
300030,300098,0.07
300030,300166,0.06
300030,300097,0.06
300030,300110,0.05
300030,300096,0.05
300030,300130,0.04
300030,300117,0.07
300030,300101,0.05
300030,300114,0.12
300030,300109,0.06
300030,300129,0.06
300030,300034,0.06
300030,300053,0.12
300030,300189,0.05
300030,300107,0.06
300030,300120,0.07
300030,300162,0.07
300081,300116,0.08
300081,300204,0.08
300081,300115,0.10
300081,300210,0.06
300081,300103,0.08
300081,300011,0.08
300081,300132,0.06
300081,300186,0.08
300081,300130,0.06
300081,300173,0.10
300117,300075,0.09
300117,300000,0.10
300117,300140,0.10
300117,300182,0.09
300117,300166,0.08
300117,300097,0.08
300117,300030,0.07
300117,300114,0.09
300117,300196,0.12
300095,300062,0.05
300095,300099,0.05
300095,300090,0.05
300095,300123,0.11
300095,300054,0.05
300095,300110,0.11
300095,300187,0.04
300095,300082,0.05
300095,300007,0.05
300146,300061,0.06
300146,300014,0.05
300146,300210,0.04
300146,300017,0.05
300146,300058,0.09
300174,300076,0.07
300174,300051,0.06
300174,300126,0.06
300174,300052,0.05
300174,300151,0.06
300174,300213,0.07
300174,300013,0.05
300174,300127,0.07
300101,300045,0.07
300101,300145,0.05
300101,300103,0.06
300101,300140,0.07
300101,300079,0.07
300101,300118,0.15
300101,300006,0.06
300101,300098,0.08
300101,300096,0.05
300101,300150,0.06
300101,300030,0.05
300101,300114,0.07
300101,300109,0.07
300101,300171,0.06
300101,300129,0.07
300101,300034,0.06
300101,300053,0.06
300101,300107,0.07
300101,300120,0.08
300101,300162,0.08
300082,300019,0.06
300082,300076,0.06
300082,300124,0.07
300082,300112,0.07
300082,300099,0.43
300082,300086,0.06
300082,300090,0.06
300082,300210,0.04
300082,300037,0.06
300082,300103,0.06
300082,300094,0.06
300082,300182,0.13
300082,300088,0.05
300082,300052,0.11
300082,300110,0.12
300082,300113,0.06
300082,300071,0.21
300082,300096,0.05
300082,300017,0.05
300082,300151,0.06
300082,300187,0.05
300082,300095,0.05
300082,300016,0.06
300082,300167,0.08
300082,300092,0.05
300082,300102,0.11
300082,300147,0.12
300082,300083,0.12
300082,300013,0.11
300082,300172,0.06
300007,300195,0.05
300007,300054,0.05
300007,300006,0.11
300007,300185,0.05
300007,300089,0.12
300007,300095,0.05
300007,300056,0.12
300007,300107,0.12
300007,300055,0.05
300050,300202,0.06
300087,300024,0.11
300087,300127,0.09
300087,300080,0.07
300073,300156,0.05
300073,300210,0.04
300073,300089,0.05
300073,300074,0.06
300073,300110,0.05
300073,300206,0.04
300073,300023,0.05
300073,300106,0.15
300073,300214,0.23
300073,300048,0.04
300136,300165,0.06
300136,300088,0.06
300136,300058,0.05
300136,300067,0.05
300067,300014,0.05
300067,300154,0.09
300067,300028,0.05
300067,300075,0.06
300067,300169,0.05
300067,300103,0.05
300067,300201,0.06
300067,300085,0.05
300067,300051,0.05
300067,300094,0.06
300067,300088,0.69
300067,300166,0.05
300067,300097,0.05
300067,300122,0.05
300067,300052,0.05
300067,300096,0.04
300067,300017,0.05
300067,300136,0.05
300067,300092,0.05
300067,300083,0.05
300067,300137,0.04
300067,300066,0.09
300114,300045,0.08
300114,300075,0.08
300114,300145,0.06
300114,300000,0.08
300114,300103,0.07
300114,300140,0.08
300114,300079,0.08
300114,300118,0.08
300114,300006,0.07
300114,300182,0.08
300114,300098,0.09
300114,300166,0.07
300114,300097,0.07
300114,300096,0.06
300114,300030,0.12
300114,300117,0.09
300114,300101,0.07
300114,300109,0.08
300114,300129,0.08
300114,300034,0.07
300114,300107,0.08
300114,300120,0.10
300114,300162,0.10
300016,300076,0.07
300016,300090,0.06
300016,300031,0.06
300016,300094,0.07
300016,300006,0.06
300016,300088,0.06
300016,300052,0.05
300016,300096,0.05
300016,300017,0.06
300016,300047,0.09
300016,300151,0.06
300016,300082,0.06
300016,300167,0.09
300016,300092,0.06
300016,300102,0.05
300016,300056,0.06
300016,300035,0.06
300016,300147,0.06
300016,300083,0.06
300016,300013,0.05
300016,300003,0.06
300109,300045,0.18
300109,300145,0.06
300109,300103,0.07
300109,300140,0.09
300109,300079,0.08
300109,300118,0.09
300109,300006,0.07
300109,300098,0.10
300109,300207,0.08
300109,300096,0.06
300109,300030,0.06
300109,300101,0.07
300109,300114,0.08
300109,300129,1.00
300109,300034,0.08
300109,300196,0.05
300109,300139,0.09
300109,300107,0.08
300109,300120,0.11
300109,300162,0.11
300133,300000,0.08
300133,300091,0.06
300133,300144,0.08
300027,300168,0.05
300027,300063,0.07
300027,300022,0.08
300027,300156,0.06
300027,300135,0.06
300027,300090,0.13
300027,300183,0.07
300027,300036,0.06
300027,300052,0.12
300027,300141,0.07
300027,300130,0.05
300027,300092,0.12
300027,300102,0.06
300027,300111,0.08
300027,300008,0.06
300027,300107,0.07
300027,300041,0.13
300153,300057,0.07
300153,300021,0.06
300153,300189,0.21
300167,300076,0.11
300167,300090,0.09
300167,300094,0.11
300167,300088,0.08
300167,300052,0.08
300167,300096,0.07
300167,300017,0.08
300167,300151,0.09
300167,300082,0.08
300167,300016,0.09
300167,300092,0.08
300167,300102,0.17
300167,300147,0.20
300167,300083,0.09
300167,300013,0.08
300024,300087,0.11
300024,300080,0.07
300092,300022,0.07
300092,300076,0.06
300092,300204,0.06
300092,300028,0.06
300092,300075,0.06
300092,300090,0.27
300092,300103,0.06
300092,300094,0.06
300092,300088,0.11
300092,300166,0.06
300092,300052,0.11
300092,300141,0.06
300092,300096,0.05
300092,300017,0.05
300092,300151,0.06
300092,300130,0.05
300092,300082,0.05
300092,300067,0.05
300092,300016,0.06
300092,300027,0.12
300092,300167,0.08
300092,300102,0.05
300092,300147,0.06
300092,300083,0.06
300092,300013,0.05
300092,300008,0.06
300092,300107,0.06
300092,300041,0.12
300179,300180,0.19
300179,300099,0.05
300179,300202,0.05
300179,300181,0.31
300179,300084,0.06
300171,300105,0.06
300171,300201,0.06
300171,300118,0.07
300171,300202,0.05
300171,300122,0.06
300171,300150,0.06
300171,300101,0.06
300171,300053,0.06
300102,300168,0.04
300102,300076,0.06
300102,300156,0.05
300102,300135,0.11
300102,300090,0.05
300102,300183,0.06
300102,300079,0.06
300102,300093,0.06
300102,300044,0.06
300102,300094,0.06
300102,300088,0.05
300102,300036,0.05
300102,300052,0.10
300102,300096,0.05
300102,300017,0.05
300102,300151,0.05
300102,300082,0.11
300102,300016,0.05
300102,300027,0.06
300102,300167,0.17
300102,300092,0.05
300102,300147,0.18
300102,300083,0.05
300102,300013,0.05
300102,300077,0.08
300102,300120,0.07
300064,300197,0.08
300064,300078,0.07
300213,300076,0.08
300213,300165,0.07
300213,300157,0.40
300213,300126,0.07
300213,300052,0.06
300213,300151,0.07
300213,300174,0.07
300213,300013,0.06
300078,300175,0.07
300078,300072,0.07
300078,300149,0.07
300078,300085,0.06
300078,300126,0.06
300078,300064,0.07
300015,300204,0.06
300015,300154,0.05
300015,300085,0.05
300015,300036,0.05
300015,300202,0.05
300206,300062,0.05
300206,300073,0.04
300206,300048,0.04
300129,300045,0.18
300129,300145,0.06
300129,300103,0.07
300129,300140,0.09
300129,300079,0.08
300129,300118,0.09
300129,300006,0.07
300129,300098,0.10
300129,300207,0.08
300129,300096,0.06
300129,300030,0.06
300129,300101,0.07
300129,300114,0.08
300129,300109,1.00
300129,300034,0.08
300129,300196,0.05
300129,300139,0.09
300129,300107,0.08
300129,300120,0.11
300129,300162,0.11
300056,300006,0.70
300056,300185,0.06
300056,300089,0.07
300056,300047,0.10
300056,300007,0.12
300056,300016,0.06
300056,300107,0.07
300056,300055,0.06
300035,300103,0.06
300035,300201,0.07
300035,300031,0.06
300035,300184,0.13
300035,300122,0.06
300035,300016,0.06
300035,300131,0.06
300147,300076,0.07
300147,300154,0.05
300147,300090,0.06
300147,300094,0.07
300147,300088,0.06
300147,300052,0.05
300147,300096,0.05
300147,300017,0.06
300147,300151,0.06
300147,300082,0.12
300147,300016,0.06
300147,300167,0.20
300147,300092,0.06
300147,300102,0.18
300147,300083,0.06
300147,300013,0.05
300083,300019,0.06
300083,300076,0.07
300083,300124,0.07
300083,300112,0.08
300083,300099,0.06
300083,300086,0.06
300083,300090,0.06
300083,300210,0.10
300083,300094,0.14
300083,300209,0.06
300083,300088,0.12
300083,300052,0.11
300083,300096,0.11
300083,300017,0.12
300083,300151,0.06
300083,300082,0.12
300083,300067,0.05
300083,300016,0.06
300083,300167,0.09
300083,300092,0.06
300083,300102,0.05
300083,300147,0.06
300083,300013,0.11
300083,300066,0.05
300137,300010,0.04
300137,300061,0.06
300137,300154,0.04
300137,300145,0.05
300137,300085,0.05
300137,300093,0.05
300137,300051,0.05
300137,300088,0.05
300137,300166,0.05
300137,300097,0.05
300137,300057,0.05
300137,300067,0.04
300137,300106,0.05
300137,300173,0.06
300111,300116,0.07
300111,300115,0.09
300111,300210,0.05
300111,300118,0.09
300111,300074,0.09
300111,300130,0.06
300111,300027,0.08
300013,300019,0.11
300013,300076,0.20
300013,300124,0.06
300013,300112,0.07
300013,300204,0.05
300013,300154,0.04
300013,300099,0.05
300013,300086,0.05
300013,300090,0.11
300013,300210,0.09
300013,300094,0.06
300013,300088,0.05
300013,300126,0.05
300013,300074,0.06
300013,300052,0.22
300013,300021,0.05
300013,300096,0.05
300013,300017,0.05
300013,300151,0.18
300013,300042,0.06
300013,300174,0.05
300013,300082,0.11
300013,300016,0.05
300013,300167,0.08
300013,300092,0.05
300013,300102,0.05
300013,300213,0.06
300013,300147,0.05
300013,300083,0.11
300013,300053,0.06
300013,300048,0.04
300023,300125,0.06
300023,300085,0.06
300023,300110,0.07
300023,300073,0.05
300023,300106,0.06
300023,300214,0.05
300178,300123,0.07
300178,300054,0.07
300178,300211,1.00
300172,300099,0.06
300172,300059,0.06
300172,300182,0.07
300172,300185,0.06
300172,300110,0.06
300172,300113,0.07
300172,300071,0.07
300172,300082,0.06
300172,300048,0.05
300069,300034,0.07
300069,300066,0.06
300034,300116,0.06
300034,300045,0.07
300034,300145,0.06
300034,300103,0.06
300034,300140,0.08
300034,300079,0.07
300034,300118,0.08
300034,300006,0.06
300034,300098,0.08
300034,300018,0.08
300034,300110,0.06
300034,300096,0.05
300034,300030,0.06
300034,300101,0.06
300034,300114,0.07
300034,300109,0.08
300034,300129,0.08
300034,300069,0.07
300034,300107,0.07
300034,300120,0.09
300034,300162,0.09
300034,300080,0.06
300034,300055,0.06
300046,300158,0.07
300131,300010,0.05
300131,300159,0.07
300131,300140,0.07
300131,300035,0.06
300131,300055,0.06
300198,300040,0.07
300198,300059,0.06
300198,300197,0.06
300198,300143,0.05
300198,300193,0.08
300196,300176,0.06
300196,300010,0.04
300196,300045,0.05
300196,300192,0.04
300196,300159,0.06
300196,300164,0.05
300196,300207,0.10
300196,300117,0.12
300196,300109,0.05
300196,300129,0.05
300196,300139,0.05
300148,300170,0.07
300148,300155,0.33
300148,300208,0.08
300008,300145,0.05
300008,300090,0.06
300008,300054,0.06
300008,300032,0.06
300008,300142,0.07
300008,300141,0.07
300008,300130,0.05
300008,300027,0.06
300008,300092,0.06
300008,300053,0.06
300008,300107,0.07
300008,300041,0.06
300139,300045,0.08
300139,300195,0.07
300139,300207,0.08
300139,300109,0.09
300139,300129,0.09
300139,300196,0.05
300106,300061,0.06
300106,300074,0.14
300106,300110,0.06
300106,300073,0.15
300106,300137,0.05
300106,300023,0.06
300106,300214,0.09
300181,300156,0.07
300181,300180,0.23
300181,300179,0.31
300053,300022,0.08
300053,300204,0.06
300053,300199,0.07
300053,300183,0.07
300053,300054,0.06
300053,300118,0.08
300053,300209,0.06
300053,300130,0.05
300053,300150,0.14
300053,300030,0.12
300053,300101,0.06
300053,300171,0.06
300053,300013,0.06
300053,300008,0.06
300189,300005,0.06
300189,300021,0.05
300189,300030,0.05
300189,300153,0.21
300077,300079,0.11
300077,300102,0.08
300077,300120,0.17
300107,300112,0.09
300107,300045,0.08
300107,300145,0.06
300107,300090,0.07
300107,300195,0.06
300107,300103,0.07
300107,300140,0.08
300107,300079,0.08
300107,300118,0.08
300107,300006,0.14
300107,300098,0.20
300107,300185,0.07
300107,300089,0.17
300107,300141,0.08
300107,300021,0.06
300107,300096,0.06
300107,300130,0.05
300107,300030,0.06
300107,300101,0.07
300107,300007,0.12
300107,300114,0.08
300107,300109,0.08
300107,300027,0.07
300107,300092,0.06
300107,300129,0.08
300107,300056,0.07
300107,300034,0.07
300107,300008,0.07
300107,300120,0.10
300107,300041,0.07
300107,300162,0.10
300107,300055,0.07
300173,300116,0.07
300173,300022,0.09
300173,300149,0.08
300173,300062,0.07
300173,300204,0.15
300173,300115,0.09
300173,300210,0.05
300173,300011,0.07
300173,300132,0.12
300173,300186,0.07
300173,300130,0.06
300173,300081,0.10
300173,300137,0.06
300003,300175,0.06
300003,300031,0.38
300003,300016,0.06
300003,300009,0.06
300127,300156,0.07
300127,300051,0.07
300127,300174,0.07
300127,300087,0.09
300039,300014,0.08
300120,300070,0.08
300120,300045,0.10
300120,300145,0.07
300120,300103,0.08
300120,300140,0.11
300120,300079,0.57
300120,300118,0.11
300120,300006,0.08
300120,300098,0.12
300120,300096,0.07
300120,300030,0.07
300120,300101,0.08
300120,300114,0.10
300120,300109,0.11
300120,300102,0.07
300120,300129,0.11
300120,300034,0.09
300120,300077,0.17
300120,300107,0.10
300120,300162,0.14
300041,300022,0.07
300041,300108,0.07
300041,300090,0.12
300041,300141,0.07
300041,300186,0.06
300041,300130,0.05
300041,300027,0.13
300041,300092,0.12
300041,300008,0.06
300041,300107,0.07
300041,300080,0.06
300009,300175,0.07
300009,300209,0.06
300009,300003,0.06
300009,300144,0.07
300066,300094,0.06
300066,300088,0.05
300066,300096,0.04
300066,300017,0.05
300066,300067,0.09
300066,300083,0.05
300066,300069,0.06
300211,300123,0.07
300211,300054,0.07
300211,300178,1.00
300162,300045,0.10
300162,300145,0.07
300162,300103,0.08
300162,300043,0.10
300162,300140,0.11
300162,300079,0.10
300162,300118,0.11
300162,300006,0.08
300162,300098,0.12
300162,300096,0.07
300162,300030,0.07
300162,300101,0.08
300162,300114,0.10
300162,300109,0.11
300162,300129,0.11
300162,300034,0.09
300162,300107,0.10
300162,300120,0.14
300208,300155,0.07
300208,300148,0.08
300214,300037,0.05
300214,300074,0.05
300214,300110,0.05
300214,300073,0.23
300214,300023,0.05
300214,300106,0.09
300080,300116,0.06
300080,300099,0.05
300080,300169,0.05
300080,300140,0.07
300080,300018,0.07
300080,300110,0.06
300080,300186,0.06
300080,300087,0.07
300080,300024,0.07
300080,300034,0.06
300080,300041,0.06
300048,300019,0.05
300048,300002,0.05
300048,300010,0.04
300048,300059,0.05
300048,300090,0.05
300048,300195,0.05
300048,300020,0.05
300048,300209,0.05
300048,300185,0.05
300048,300130,0.04
300048,300073,0.04
300048,300206,0.04
300048,300013,0.04
300048,300172,0.05
300193,300040,0.12
300193,300192,0.07
300193,300143,0.08
300193,300198,0.08
300144,300000,0.08
300144,300091,0.06
300144,300133,0.08
300144,300009,0.07
300055,300138,0.08
300055,300010,0.05
300055,300190,0.08
300055,300159,0.08
300055,300195,0.12
300055,300140,0.07
300055,300006,0.06
300055,300185,0.06
300055,300089,0.07
300055,300017,0.06
300055,300007,0.05
300055,300056,0.06
300055,300034,0.06
300055,300131,0.06
300055,300107,0.07
300084,300154,0.11
300084,300099,0.06
300084,300202,0.06
300084,300186,0.07
300084,300179,0.06