400048,400022,0.05
400063,400003,0.09
400087,400075,0.09
400087,400042,0.08
400087,400083,0.10
400087,400091,0.07
400087,400096,0.08
400087,400024,0.07
400087,400011,0.08
400087,400034,0.08
400087,400073,0.10
400000,400033,0.06
400000,400082,0.06
400000,400054,0.05
400000,400009,0.06
400000,400006,0.05
400000,400056,0.05
400000,400046,0.08
400000,400071,0.06
400000,400053,0.04
400057,400051,0.07
400057,400078,0.07
400057,400009,0.07
400057,400059,0.09
400057,400034,0.07
400057,400032,0.08
400057,400015,0.15
400057,400092,0.07
400050,400010,0.06
400050,400033,0.05
400050,400097,0.11
400050,400089,0.12
400050,400083,0.07
400050,400091,0.05
400050,400076,0.06
400050,400034,0.06
400050,400022,0.05
400050,400001,0.06
400050,400004,0.05
400050,400064,0.12
400040,400070,0.05
400040,400019,0.11
400040,400069,0.05
400040,400081,0.05
400040,400042,0.05
400040,400102,0.11
400040,400021,0.11
400040,400058,0.05
400040,400077,0.06
400040,400089,0.05
400040,400060,0.11
400040,400091,0.05
400040,400018,0.11
400040,400024,0.05
400040,400017,0.16
400040,400098,0.05
400040,400006,0.10
400040,400001,0.05
400040,400036,0.05
400040,400071,0.05
400070,400040,0.05
400070,400097,0.05
400070,400069,0.06
400070,400042,0.06
400070,400021,0.06
400070,400067,0.06
400070,400002,0.06
400070,400083,0.07
400070,400060,0.06
400070,400018,0.06
400070,400017,0.05
400070,400066,0.06
400070,400079,0.05
400070,400001,0.06
400070,400004,0.05
400070,400064,0.12
400070,400036,0.05
400019,400040,0.11
400019,400080,0.06
400019,400081,0.12
400019,400102,0.06
400019,400021,0.13
400019,400058,0.06
400019,400051,0.06
400019,400077,0.07
400019,400089,0.12
400019,400060,0.06
400019,400091,0.11
400019,400018,0.06
400019,400024,0.12
400019,400017,0.06
400019,400009,0.06
400019,400012,0.06
400019,400016,0.06
400019,400006,0.05
400019,400071,0.06
400019,400100,0.06
400025,400055,0.08
400025,400041,0.07
400025,400066,0.14
400025,400079,0.06
400025,400056,0.06
400025,400052,0.60
400038,400054,0.05
400038,400095,0.06
400038,400049,0.07
400038,400100,0.05
400080,400019,0.06
400080,400026,0.06
400080,400021,0.13
400080,400077,0.07
400080,400091,0.05
400080,400096,0.06
400080,400009,0.06
400080,400015,0.06
400080,400012,0.06
400080,400016,0.06
400080,400100,0.12
400080,400047,0.06
400026,400080,0.06
400026,400102,0.06
400026,400030,0.07
400026,400012,0.07
400026,400047,0.06
400068,400067,0.06
400068,400093,0.05
400068,400037,0.07
400068,400061,0.06
400068,400056,0.05
400068,400085,0.06
400068,400053,0.04
400010,400050,0.06
400010,400033,0.06
400010,400097,0.06
400010,400089,0.07
400010,400091,0.06
400010,400034,0.07
400010,400022,0.06
400010,400004,0.06
400010,400064,0.07
400033,400000,0.06
400033,400050,0.05
400033,400010,0.06
400033,400097,0.11
400033,400089,0.06
400033,400091,0.05
400033,400054,0.05
400033,400017,0.05
400033,400066,0.06
400033,400034,0.12
400033,400022,0.11
400033,400004,0.05
400033,400056,0.05
400033,400046,0.07
400033,400064,0.06
400033,400053,0.04
400033,400100,0.06
400033,400047,0.05
400075,400087,0.09
400075,400042,0.07
400075,400091,0.06
400075,400096,0.07
400075,400024,0.06
400075,400011,0.07
400075,400099,0.18
400075,400039,0.20
400075,400073,0.08
400055,400025,0.08
400055,400041,0.07
400055,400037,0.40
400055,400066,0.07
400055,400011,0.23
400055,400079,0.13
400055,400061,0.07
400055,400056,0.06
400055,400052,0.07
400097,400050,0.11
400097,400070,0.05
400097,400010,0.06
400097,400033,0.11
400097,400067,0.05
400097,400089,0.05
400097,400091,0.05
400097,400034,0.18
400097,400022,0.10
400097,400004,0.05
400097,400064,0.18
400069,400040,0.05
400069,400070,0.06
400069,400042,0.06
400069,400021,0.07
400069,400060,0.06
400069,400054,0.06
400069,400018,0.07
400069,400017,0.06
400069,400001,0.07
400069,400036,0.06
400069,400047,0.06
400081,400040,0.05
400081,400019,0.12
400081,400102,0.12
400081,400021,0.12
400081,400058,0.12
400081,400051,0.05
400081,400089,0.12
400081,400060,0.12
400081,400091,0.11
400081,400018,0.20
400081,400024,0.11
400081,400017,0.05
400081,400009,0.06
400081,400003,0.06
400081,400016,0.06
400081,400006,0.05
400081,400005,0.06
400081,400071,0.12
400042,400087,0.08
400042,400040,0.05
400042,400070,0.06
400042,400075,0.07
400042,400069,0.06
400042,400021,0.06
400042,400060,0.06
400042,400091,0.05
400042,400096,0.06
400042,400018,0.06
400042,400024,0.06
400042,400017,0.06
400042,400011,0.06
400042,400001,0.06
400042,400036,0.12
400042,400073,0.07
400102,400040,0.11
400102,400019,0.06
400102,400026,0.06
400102,400081,0.12
400102,400021,0.06
400102,400058,0.06
400102,400077,0.07
400102,400089,0.06
400102,400060,0.12
400102,400091,0.05
400102,400018,0.13
400102,400024,0.06
400102,400017,0.12
400102,400030,0.07
400102,400098,0.06
400102,400006,0.05
400102,400071,0.12
400021,400040,0.11
400021,400070,0.06
400021,400019,0.13
400021,400080,0.13
400021,400069,0.07
400021,400081,0.12
400021,400042,0.06
400021,400102,0.06
400021,400058,0.07
400021,400077,0.08
400021,400089,0.06
400021,400060,0.13
400021,400091,0.12
400021,400096,0.07
400021,400018,0.14
400021,400024,0.12
400021,400017,0.20
400021,400009,0.06
400021,400012,0.07
400021,400006,0.12
400021,400001,0.07
400021,400036,0.06
400021,400071,0.06
400021,400100,0.13
400067,400070,0.06
400067,400068,0.06
400067,400097,0.05
400067,400093,0.05
400067,400037,0.07
400067,400061,0.06
400067,400056,0.05
400067,400064,0.06
400067,400085,0.06
400067,400053,0.04
400067,400047,0.06
400058,400040,0.05
400058,400019,0.06
400058,400081,0.12
400058,400102,0.06
400058,400021,0.07
400058,400089,0.06
400058,400060,0.06
400058,400091,0.06
400058,400018,0.07
400058,400024,0.06
400058,400017,0.06
400058,400098,0.07
400058,400006,0.06
400058,400001,0.14
400058,400071,0.06
400002,400070,0.06
400002,400094,0.20
400002,400066,0.06
400002,400035,0.06
400002,400044,0.07
400002,400079,0.06
400002,400043,0.06
400002,400004,0.06
400002,400065,0.08
400002,400064,0.06
400002,400072,0.07
400094,400002,0.20
400094,400096,0.09
400094,400092,0.08
400051,400057,0.07
400051,400019,0.06
400051,400081,0.05
400051,400078,0.06
400051,400089,0.06
400051,400091,0.11
400051,400024,0.05
400051,400009,0.12
400051,400059,0.07
400051,400032,0.06
400051,400016,0.12
400077,400040,0.06
400077,400019,0.07
400077,400080,0.07
400077,400102,0.07
400077,400021,0.08
400077,400017,0.07
400077,400098,0.08
400077,400012,0.08
400077,400100,0.07
400078,400057,0.07
400078,400051,0.06
400078,400009,0.06
400078,400059,0.07
400078,400032,0.07
400089,400050,0.12
400089,400040,0.05
400089,400019,0.12
400089,400010,0.07
400089,400033,0.06
400089,400097,0.05
400089,400081,0.12
400089,400102,0.06
400089,400021,0.06
400089,400058,0.06
400089,400051,0.06
400089,400060,0.06
400089,400091,0.33
400089,400095,0.07
400089,400018,0.06
400089,400024,0.27
400089,400017,0.06
400089,400076,0.07
400089,400009,0.06
400089,400034,0.06
400089,400016,0.06
400089,400022,0.05
400089,400006,0.05
400089,400004,0.05
400089,400064,0.06
400089,400071,0.06
400084,400093,0.06
400084,400053,0.04
400083,400087,0.10
400083,400050,0.07
400083,400070,0.07
400083,400034,0.07
400060,400040,0.11
400060,400070,0.06
400060,400019,0.06
400060,400069,0.06
400060,400081,0.12
400060,400042,0.06
400060,400102,0.12
400060,400021,0.13
400060,400058,0.06
400060,400089,0.06
400060,400091,0.05
400060,400096,0.06
400060,400018,0.21
400060,400024,0.06
400060,400007,0.07
400060,400017,0.12
400060,400029,0.08
400060,400006,0.05
400060,400001,0.06
400060,400036,0.06
400060,400071,0.12
400091,400087,0.07
400091,400050,0.05
400091,400040,0.05
400091,400019,0.11
400091,400080,0.05
400091,400010,0.06
400091,400033,0.05
400091,400075,0.06
400091,400097,0.05
400091,400081,0.11
400091,400042,0.05
400091,400102,0.05
400091,400021,0.12
400091,400058,0.06
400091,400051,0.11
400091,400089,0.33
400091,400060,0.05
400091,400096,0.19
400091,400095,0.06
400091,400018,0.06
400091,400024,0.24
400091,400017,0.05
400091,400011,0.05
400091,400009,0.11
400091,400034,0.05
400091,400016,0.05
400091,400022,0.05
400091,400006,0.05
400091,400004,0.05
400091,400064,0.05
400091,400071,0.05
400091,400073,0.06
400091,400031,0.07
400093,400068,0.05
400093,400067,0.05
400093,400084,0.06
400093,400037,0.06
400093,400035,0.05
400093,400059,0.06
400093,400061,0.06
400093,400056,0.05
400093,400085,0.05
400093,400053,0.04
400093,400100,0.05
400096,400087,0.08
400096,400080,0.06
400096,400075,0.07
400096,400042,0.06
400096,400021,0.07
400096,400094,0.09
400096,400060,0.06
400096,400091,0.19
400096,400024,0.06
400096,400007,0.07
400096,400029,0.08
400096,400011,0.06
400096,400009,0.06
400096,400073,0.08
400096,400092,0.06
400082,400000,0.06
400041,400025,0.07
400041,400055,0.07
400041,400066,0.06
400041,400044,0.07
400041,400079,0.12
400041,400056,0.05
400041,400100,0.06
400041,400052,0.06
400054,400000,0.05
400054,400038,0.05
400054,400033,0.05
400054,400069,0.06
400054,400095,0.06
400054,400009,0.05
400054,400056,0.10
400054,400046,0.07
400054,400053,0.04
400054,400027,0.05
400054,400047,0.05
400095,400038,0.06
400095,400089,0.07
400095,400091,0.06
400095,400054,0.06
400095,400024,0.07
400018,400040,0.11
400018,400070,0.06
400018,400019,0.06
400018,400069,0.07
400018,400081,0.20
400018,400042,0.06
400018,400102,0.13
400018,400021,0.14
400018,400058,0.07
400018,400089,0.06
400018,400060,0.21
400018,400091,0.06
400018,400024,0.06
400018,400017,0.12
400018,400006,0.06
400018,400001,0.07
400018,400036,0.06
400018,400005,0.06
400018,400071,0.13
400024,400087,0.07
400024,400040,0.05
400024,400019,0.12
400024,400075,0.06
400024,400081,0.11
400024,400042,0.06
400024,400102,0.06
400024,400021,0.12
400024,400058,0.06
400024,400051,0.05
400024,400089,0.27
400024,400060,0.06
400024,400091,0.24
400024,400096,0.06
400024,400095,0.07
400024,400018,0.06
400024,400017,0.11
400024,400011,0.06
400024,400009,0.06
400024,400016,0.06
400024,400022,0.05
400024,400006,0.17
400024,400071,0.06
400024,400073,0.07
400007,400060,0.07
400007,400096,0.07
400007,400029,0.09
400007,400014,0.08
400037,400068,0.07
400037,400055,0.40
400037,400067,0.07
400037,400093,0.06
400037,400011,0.23
400037,400061,0.15
400037,400056,0.06
400037,400085,0.06
400037,400053,0.04
400017,400040,0.16
400017,400070,0.05
400017,400019,0.06
400017,400033,0.05
400017,400069,0.06
400017,400081,0.05
400017,400042,0.06
400017,400102,0.12
400017,400021,0.20
400017,400058,0.06
400017,400077,0.07
400017,400089,0.06
400017,400060,0.12
400017,400091,0.05
400017,400018,0.12
400017,400024,0.11
400017,400098,0.06
400017,400016,0.06
400017,400006,0.11
400017,400001,0.06
400017,400036,0.05
400017,400071,0.06
400017,400100,0.06
400066,400070,0.06
400066,400025,0.14
400066,400033,0.06
400066,400055,0.07
400066,400002,0.06
400066,400041,0.06
400066,400098,0.13
400066,400079,0.12
400066,400004,0.05
400066,400056,0.05
400066,400064,0.06
400066,400052,0.12
400076,400050,0.06
400076,400089,0.07
400076,400004,0.06
400076,400092,0.06
400029,400060,0.08
400029,400096,0.08
400029,400007,0.09
400030,400026,0.07
400030,400102,0.07
400030,400003,0.07
400049,400038,0.07
400049,400100,0.09
400011,400087,0.08
400011,400075,0.07
400011,400055,0.23
400011,400042,0.06
400011,400091,0.05
400011,400096,0.06
400011,400024,0.06
400011,400037,0.23
400011,400023,0.07
400011,400061,0.06
400011,400073,0.07
400035,400002,0.06
400035,400093,0.05
400035,400059,0.07
400035,400044,0.06
400035,400086,0.09
400035,400043,0.06
400035,400065,0.07
400035,400072,0.06
400009,400000,0.06
400009,400057,0.07
400009,400019,0.06
400009,400080,0.06
400009,400081,0.06
400009,400021,0.06
400009,400051,0.12
400009,400078,0.06
400009,400089,0.06
400009,400091,0.11
400009,400096,0.06
400009,400054,0.05
400009,400024,0.06
400009,400059,0.07
400009,400032,0.07
400009,400016,0.06
400059,400057,0.09
400059,400051,0.07
400059,400078,0.07
400059,400093,0.06
400059,400035,0.07
400059,400009,0.07
400059,400032,0.08
400034,400087,0.08
400034,400057,0.07
400034,400050,0.06
400034,400010,0.07
400034,400033,0.12
400034,400097,0.18
400034,400089,0.06
400034,400083,0.07
400034,400091,0.05
400034,400015,0.06
400034,400022,0.11
400034,400004,0.05
400034,400064,0.06
400034,400092,0.12
400003,400063,0.09
400003,400081,0.06
400003,400030,0.07
400032,400057,0.08
400032,400051,0.06
400032,400078,0.07
400032,400009,0.07
400032,400059,0.08
400032,400074,0.08
400032,400014,0.08
400098,400040,0.05
400098,400102,0.06
400098,400058,0.07
400098,400077,0.08
400098,400017,0.06
400098,400066,0.13
400098,400092,0.06
400015,400057,0.15
400015,400080,0.06
400015,400034,0.06
400015,400044,0.06
400015,400092,0.06
400012,400019,0.06
400012,400080,0.06
400012,400026,0.07
400012,400021,0.07
400012,400077,0.08
400012,400004,0.06
400012,400100,0.06
400016,400019,0.06
400016,400080,0.06
400016,400081,0.06
400016,400051,0.12
400016,400089,0.06
400016,400091,0.05
400016,400024,0.06
400016,400017,0.06
400016,400009,0.06
400016,400100,0.06
400074,400032,0.08
400074,400014,0.08
400022,400048,0.05
400022,400050,0.05
400022,400010,0.06
400022,400033,0.11
400022,400097,0.10
400022,400089,0.05
400022,400091,0.05
400022,400024,0.05
400022,400034,0.11
400022,400006,0.05
400022,400004,0.05
400022,400064,0.05
400045,400043,0.07
400099,400075,0.18
400099,400039,0.22
400044,400002,0.07
400044,400041,0.07
400044,400035,0.06
400044,400015,0.06
400044,400043,0.06
400044,400065,0.08
400044,400046,0.18
400044,400072,0.07
400044,400100,0.06
400086,400035,0.09
400013,400061,0.07
400013,400071,0.06
400079,400070,0.05
400079,400025,0.06
400079,400055,0.13
400079,400002,0.06
400079,400041,0.12
400079,400066,0.12
400079,400004,0.05
400079,400056,0.05
400079,400062,0.11
400079,400064,0.06
400079,400052,0.06
400006,400000,0.05
400006,400040,0.10
400006,400019,0.05
400006,400081,0.05
400006,400102,0.05
400006,400021,0.12
400006,400058,0.06
400006,400089,0.05
400006,400060,0.05
400006,400091,0.05
400006,400018,0.06
400006,400024,0.17
400006,400017,0.11
400006,400022,0.05
400006,400071,0.11
400043,400002,0.06
400043,400035,0.06
400043,400045,0.07
400043,400044,0.06
400043,400065,0.07
400043,400072,0.06
400023,400011,0.07
400039,400075,0.20
400039,400099,0.22
400001,400050,0.06
400001,400040,0.05
400001,400070,0.06
400001,400069,0.07
400001,400042,0.06
400001,400021,0.07
400001,400058,0.14
400001,400060,0.06
400001,400018,0.07
400001,400017,0.06
400001,400036,0.06
400004,400050,0.05
400004,400070,0.05
400004,400010,0.06
400004,400033,0.05
400004,400097,0.05
400004,400002,0.06
400004,400089,0.05
400004,400091,0.05
400004,400066,0.05
400004,400076,0.06
400004,400034,0.05
400004,400012,0.06
400004,400022,0.05
400004,400079,0.05
400004,400064,0.11
400061,400068,0.06
400061,400055,0.07
400061,400067,0.06
400061,400093,0.06
400061,400037,0.15
400061,400011,0.06
400061,400013,0.07
400061,400056,0.05
400061,400085,0.06
400061,400071,0.06
400061,400053,0.04
400065,400002,0.08
400065,400035,0.07
400065,400044,0.08
400065,400043,0.07
400065,400072,0.08
400014,400007,0.08
400014,400032,0.08
400014,400074,0.08
400056,400000,0.05
400056,400025,0.06
400056,400068,0.05
400056,400033,0.05
400056,400055,0.06
400056,400067,0.05
400056,400093,0.05
400056,400041,0.05
400056,400054,0.10
400056,400037,0.06
400056,400066,0.05
400056,400079,0.05
400056,400061,0.05
400056,400046,0.06
400056,400085,0.05
400056,400053,0.07
400056,400027,0.05
400056,400052,0.05
400062,400079,0.11
400046,400000,0.08
400046,400033,0.07
400046,400054,0.07
400046,400044,0.18
400046,400056,0.06
400046,400053,0.05
400064,400050,0.12
400064,400070,0.12
400064,400010,0.07
400064,400033,0.06
400064,400097,0.18
400064,400067,0.06
400064,400002,0.06
400064,400089,0.06
400064,400091,0.05
400064,400066,0.06
400064,400034,0.06
400064,400022,0.05
400064,400079,0.06
400064,400004,0.11
400036,400040,0.05
400036,400070,0.05
400036,400069,0.06
400036,400042,0.12
400036,400021,0.06
400036,400060,0.06
400036,400018,0.06
400036,400017,0.05
400036,400001,0.06
400072,400002,0.07
400072,400035,0.06
400072,400044,0.07
400072,400043,0.06
400072,400065,0.08
400072,400052,0.06
400005,400081,0.06
400005,400018,0.06
400085,400068,0.06
400085,400067,0.06
400085,400093,0.05
400085,400037,0.06
400085,400061,0.06
400085,400056,0.05
400085,400053,0.04
400071,400000,0.06
400071,400040,0.05
400071,400019,0.06
400071,400081,0.12
400071,400102,0.12
400071,400021,0.06
400071,400058,0.06
400071,400089,0.06
400071,400060,0.12
400071,400091,0.05
400071,400018,0.13
400071,400024,0.06
400071,400017,0.06
400071,400013,0.06
400071,400006,0.11
400071,400061,0.06
400053,400000,0.04
400053,400068,0.04
400053,400033,0.04
400053,400067,0.04
400053,400084,0.04
400053,400093,0.04
400053,400054,0.04
400053,400037,0.04
400053,400061,0.04
400053,400056,0.07
400053,400046,0.05
400053,400085,0.04
400073,400087,0.10
400073,400075,0.08
400073,400042,0.07
400073,400091,0.06
400073,400096,0.08
400073,400024,0.07
400073,400011,0.07
400092,400057,0.07
400092,400094,0.08
400092,400096,0.06
400092,400076,0.06
400092,400034,0.12
400092,400098,0.06
400092,400015,0.06
400027,400054,0.05
400027,400056,0.05
400027,400031,0.08
400031,400091,0.07
400031,400027,0.08
400100,400019,0.06
400100,400038,0.05
400100,400080,0.12
400100,400033,0.06
400100,400021,0.13
400100,400077,0.07
400100,400093,0.05
400100,400041,0.06
400100,400017,0.06
400100,400049,0.09
400100,400012,0.06
400100,400016,0.06
400100,400044,0.06
400052,400025,0.60
400052,400055,0.07
400052,400041,0.06
400052,400066,0.12
400052,400079,0.06
400052,400056,0.05
400052,400072,0.06
400047,400080,0.06
400047,400026,0.06
400047,400033,0.05
400047,400069,0.06
400047,400067,0.06
400047,400054,0.05