700112,700004,0.10
700112,700171,0.05
700112,700074,0.04
700112,700002,0.10
700112,700035,0.05
700112,700069,0.09
700112,700018,0.09
700112,700055,0.10
700112,700076,0.05
700112,700014,0.09
700112,700161,0.05
700112,700148,0.05
700112,700096,0.05
700112,700079,0.10
700112,700068,0.09
700183,700135,0.05
700183,700139,0.05
700183,700072,0.05
700183,700065,0.05
700183,700172,0.05
700183,700151,0.06
700183,700037,0.06
700183,700022,0.06
700183,700085,0.05
700183,700160,0.06
700183,700157,0.10
700183,700070,0.05
700183,700180,0.10
700183,700012,0.05
700183,700027,0.05
700183,700116,0.05
700183,700082,0.05
700129,700024,0.04
700129,700019,0.05
700129,700030,0.05
700129,700143,0.05
700129,700111,0.04
700129,700152,0.05
700129,700160,0.05
700129,700140,0.05
700129,700012,0.05
700129,700020,0.05
700129,700142,0.04
700129,700108,0.04
700129,700117,0.38
700129,700042,0.04
700129,700068,0.04
700129,700058,0.04
700177,700146,0.06
700177,700116,0.08
700146,700177,0.06
700146,700031,0.09
700146,700179,0.08
700146,700035,0.15
700146,700155,0.10
700146,700044,0.15
700146,700053,0.14
700146,700134,0.04
700146,700015,0.10
700146,700047,0.12
700146,700090,0.09
700146,700149,0.09
700146,700122,0.10
700146,700141,0.08
700146,700037,0.12
700146,700157,0.09
700146,700121,0.09
700146,700048,0.13
700146,700180,0.09
700146,700023,0.08
700146,700095,0.10
700146,700106,0.10
700146,700003,0.09
700146,700137,0.08
700168,700171,0.07
700062,700028,0.06
700062,700105,0.06
700062,700034,0.06
700062,700065,0.05
700062,700067,0.06
700062,700126,0.16
700062,700162,0.05
700062,700175,0.05
700062,700000,0.05
700062,700110,0.05
700062,700111,0.18
700062,700059,0.05
700062,700100,0.05
700062,700013,0.11
700062,700166,0.17
700062,700123,0.06
700062,700055,0.06
700062,700114,0.06
700062,700010,0.06
700062,700101,0.05
700062,700167,0.06
700062,700056,0.29
700062,700153,0.06
700004,700112,0.10
700004,700030,0.05
700004,700016,0.05
700004,700002,0.11
700004,700000,0.05
700004,700110,0.11
700004,700118,0.04
700004,700069,0.40
700004,700134,0.05
700004,700131,0.06
700004,700018,0.40
700004,700055,0.12
700004,700114,0.06
700004,700014,0.10
700004,700070,0.05
700004,700007,0.06
700004,700142,0.05
700004,700089,0.05
700004,700056,0.05
700004,700079,0.11
700004,700068,0.40
700028,700062,0.06
700028,700026,0.06
700028,700111,0.05
700028,700169,0.05
700028,700048,0.05
700028,700056,0.05
700094,700174,0.11
700094,700139,0.11
700094,700130,0.09
700094,700065,0.11
700094,700016,0.06
700094,700104,0.11
700094,700150,0.12
700094,700120,0.11
700094,700110,0.11
700094,700159,0.13
700094,700107,0.06
700094,700164,0.18
700094,700132,0.10
700094,700029,0.05
700094,700047,0.05
700094,700178,0.13
700094,700156,0.11
700094,700145,0.20
700094,700131,0.06
700094,700141,0.04
700094,700077,0.10
700094,700114,0.12
700094,700070,0.11
700094,700012,0.06
700094,700027,0.06
700094,700125,0.12
700094,700153,0.12
700105,700062,0.06
700105,700034,0.06
700105,700038,0.05
700105,700154,0.06
700105,700065,0.05
700105,700175,0.18
700105,700080,0.08
700105,700000,0.05
700105,700159,0.06
700105,700059,0.05
700105,700015,0.04
700105,700100,0.05
700105,700169,0.11
700105,700013,0.05
700105,700052,0.05
700105,700055,0.06
700105,700010,0.06
700105,700101,0.05
700105,700050,0.08
700105,700096,0.06
700105,700082,0.06
700034,700062,0.06
700034,700105,0.06
700034,700024,0.05
700034,700045,0.20
700034,700038,0.05
700034,700009,0.05
700034,700065,0.05
700034,700030,0.06
700034,700104,0.05
700034,700175,0.05
700034,700039,0.06
700034,700000,0.33
700034,700069,0.05
700034,700059,0.05
700034,700015,0.04
700034,700029,0.05
700034,700100,0.05
700034,700013,0.05
700034,700011,0.05
700034,700057,0.05
700034,700055,0.06
700034,700076,0.06
700034,700161,0.06
700034,700182,0.11
700034,700020,0.27
700034,700010,0.21
700034,700007,0.29
700034,700101,0.05
700034,700041,0.06
700034,700167,0.06
700034,700096,0.06
700034,700042,0.05
700034,700068,0.05
700034,700058,0.05
700024,700129,0.04
700024,700034,0.05
700024,700045,0.05
700024,700001,0.04
700024,700038,0.18
700024,700009,0.04
700024,700087,0.05
700024,700030,0.10
700024,700104,0.04
700024,700000,0.04
700024,700015,0.07
700024,700029,0.04
700024,700011,0.09
700024,700057,0.09
700024,700077,0.04
700024,700076,0.05
700024,700070,0.04
700024,700182,0.04
700024,700020,0.10
700024,700007,0.10
700024,700101,0.04
700024,700041,0.05
700024,700167,0.05
700024,700096,0.05
700024,700117,0.05
700024,700042,0.04
700024,700058,0.08
700024,700181,0.05
700045,700034,0.20
700045,700024,0.05
700045,700038,0.05
700045,700009,0.05
700045,700030,0.06
700045,700104,0.05
700045,700033,0.06
700045,700000,0.18
700045,700084,0.05
700045,700015,0.04
700045,700029,0.05
700045,700011,0.05
700045,700057,0.05
700045,700076,0.06
700045,700161,0.06
700045,700182,0.05
700045,700020,0.19
700045,700010,0.13
700045,700007,0.20
700045,700041,0.06
700045,700167,0.06
700045,700096,0.06
700045,700082,0.06
700045,700137,0.05
700045,700058,0.05
700045,700043,0.07
700135,700183,0.05
700135,700126,0.05
700135,700100,0.05
700135,700018,0.05
700135,700157,0.05
700135,700127,0.06
700135,700180,0.05
700102,700097,0.05
700102,700147,0.05
700102,700086,0.04
700102,700061,0.04
700102,700179,0.08
700102,700120,0.14
700102,700099,0.05
700102,700110,0.05
700102,700118,0.04
700102,700144,0.10
700102,700050,0.06
700102,700056,0.09
700049,700092,0.15
700049,700076,0.15
700049,700096,0.07
700174,700094,0.11
700174,700139,0.10
700174,700130,0.08
700174,700065,0.10
700174,700104,0.10
700174,700150,0.11
700174,700120,0.10
700174,700110,0.10
700174,700159,0.12
700174,700164,0.10
700174,700132,0.09
700174,700178,0.12
700174,700156,0.10
700174,700145,0.11
700174,700022,0.06
700174,700077,0.09
700174,700114,0.11
700174,700070,0.10
700174,700125,0.11
700174,700093,0.05
700174,700153,0.11
700001,700024,0.04
700001,700038,0.04
700001,700019,0.11
700001,700074,0.08
700001,700032,0.10
700001,700083,0.13
700001,700118,0.04
700001,700164,0.05
700001,700015,0.03
700001,700013,0.10
700001,700052,0.09
700001,700161,0.06
700001,700060,0.05
700001,700091,0.12
700001,700108,0.10
700001,700089,0.11
700171,700112,0.05
700171,700168,0.07
700038,700105,0.05
700038,700034,0.05
700038,700024,0.18
700038,700045,0.05
700038,700001,0.04
700038,700009,0.04
700038,700030,0.05
700038,700104,0.04
700038,700000,0.04
700038,700159,0.05
700038,700015,0.10
700038,700029,0.04
700038,700011,0.09
700038,700057,0.19
700038,700076,0.05
700038,700070,0.04
700038,700182,0.04
700038,700020,0.05
700038,700007,0.05
700038,700041,0.05
700038,700167,0.05
700038,700096,0.05
700038,700058,0.04
700092,700049,0.15
700092,700076,0.14
700184,700163,0.05
700009,700034,0.05
700009,700024,0.04
700009,700045,0.05
700009,700038,0.04
700009,700065,0.04
700009,700030,0.05
700009,700086,0.04
700009,700067,0.05
700009,700071,0.05
700009,700104,0.04
700009,700000,0.05
700009,700136,0.05
700009,700084,0.05
700009,700083,0.06
700009,700118,0.04
700009,700144,0.05
700009,700015,0.03
700009,700029,0.05
700009,700100,0.05
700009,700081,0.05
700009,700152,0.05
700009,700011,0.09
700009,700119,0.05
700009,700057,0.04
700009,700022,0.05
700009,700085,0.04
700009,700076,0.05
700009,700127,0.05
700009,700182,0.05
700009,700064,0.05
700009,700020,0.05
700009,700091,0.06
700009,700007,0.05
700009,700101,0.04
700009,700108,0.05
700009,700041,0.10
700009,700167,0.05
700009,700096,0.05
700009,700089,0.05
700009,700042,0.28
700009,700058,0.25
700009,700043,0.06
700154,700105,0.06
700154,700175,0.06
700154,700080,0.09
700154,700169,0.06
700154,700052,0.05
700154,700050,0.08
700154,700096,0.06
700154,700082,0.06
700139,700183,0.05
700139,700094,0.11
700139,700174,0.10
700139,700130,0.08
700139,700065,0.10
700139,700165,0.04
700139,700104,0.10
700139,700150,0.11
700139,700120,0.10
700139,700110,0.10
700139,700159,0.27
700139,700164,0.10
700139,700132,0.09
700139,700178,0.12
700139,700156,0.10
700139,700145,0.11
700139,700077,0.09
700139,700114,0.11
700139,700070,0.10
700139,700125,0.11
700139,700093,0.05
700139,700153,0.11
700087,700024,0.05
700087,700054,0.04
700087,700006,0.12
700087,700025,0.04
700176,700078,0.11
700176,700103,0.25
700176,700165,0.22
700176,700124,0.10
700176,700061,0.10
700176,700090,0.11
700176,700149,0.11
700176,700141,0.09
700176,700066,0.13
700176,700121,0.25
700176,700173,0.28
700176,700158,0.12
700176,700180,0.11
700176,700064,0.12
700176,700106,0.12
700176,700137,0.21
700072,700183,0.05
700072,700065,0.05
700072,700172,0.06
700072,700126,0.05
700072,700166,0.05
700072,700131,0.21
700072,700037,0.07
700072,700022,0.06
700072,700160,0.07
700072,700070,0.05
700072,700127,0.06
700072,700012,0.06
700072,700027,0.06
700072,700116,0.06
700072,700082,0.06
700078,700176,0.11
700078,700103,0.10
700078,700165,0.09
700078,700124,0.09
700078,700061,0.19
700078,700169,0.05
700078,700090,0.14
700078,700149,0.10
700078,700141,0.08
700078,700066,0.11
700078,700014,0.04
700078,700121,0.10
700078,700173,0.08
700078,700158,0.17
700078,700180,0.09
700078,700064,0.11
700078,700106,0.10
700078,700137,0.08
700019,700129,0.05
700019,700001,0.11
700019,700074,0.09
700019,700086,0.05
700019,700032,0.10
700019,700111,0.05
700019,700083,0.14
700019,700013,0.10
700019,700052,0.10
700019,700091,0.13
700019,700108,0.17
700019,700089,0.11
700019,700068,0.05
700019,700058,0.05
700031,700146,0.09
700031,700075,0.11
700031,700016,0.11
700031,700035,0.11
700031,700044,0.11
700031,700053,0.10
700031,700047,0.04
700031,700090,0.10
700031,700149,0.10
700031,700141,0.08
700031,700040,0.05
700031,700121,0.10
700031,700048,0.09
700031,700180,0.10
700031,700023,0.13
700031,700012,0.11
700031,700021,0.10
700031,700093,0.05
700031,700106,0.11
700031,700137,0.09
700031,700025,0.04
700130,700094,0.09
700130,700174,0.08
700130,700139,0.08
700130,700065,0.08
700130,700086,0.04
700130,700104,0.17
700130,700150,0.09
700130,700120,0.17
700130,700110,0.13
700130,700084,0.04
700130,700159,0.15
700130,700164,0.08
700130,700132,0.12
700130,700178,0.10
700130,700156,0.08
700130,700145,0.09
700130,700077,0.07
700130,700114,0.09
700130,700070,0.08
700130,700125,0.19
700130,700088,0.04
700130,700153,0.09
700026,700028,0.06
700026,700172,0.05
700026,700133,0.12
700026,700111,0.05
700026,700069,0.05
700026,700100,0.05
700026,700169,0.05
700103,700176,0.25
700103,700078,0.10
700103,700165,0.20
700103,700124,0.09
700103,700061,0.09
700103,700090,0.10
700103,700149,0.16
700103,700141,0.08
700103,700066,0.12
700103,700121,0.22
700103,700173,0.19
700103,700158,0.11
700103,700180,0.15
700103,700064,0.11
700103,700106,0.11
700103,700137,0.19
700065,700183,0.05
700065,700062,0.05
700065,700094,0.11
700065,700105,0.05
700065,700034,0.05
700065,700174,0.10
700065,700009,0.04
700065,700139,0.10
700065,700072,0.05
700065,700130,0.08
700065,700172,0.05
700065,700086,0.04
700065,700067,0.05
700065,700071,0.05
700065,700002,0.05
700065,700104,0.09
700065,700175,0.05
700065,700150,0.10
700065,700120,0.09
700065,700099,0.05
700065,700000,0.05
700065,700110,0.10
700065,700136,0.05
700065,700084,0.05
700065,700159,0.11
700065,700083,0.06
700065,700118,0.04
700065,700144,0.05
700065,700164,0.10
700065,700059,0.05
700065,700132,0.09
700065,700100,0.10
700065,700178,0.11
700065,700156,0.10
700065,700081,0.05
700065,700013,0.04
700065,700152,0.05
700065,700011,0.04
700065,700145,0.11
700065,700119,0.05
700065,700037,0.06
700065,700022,0.11
700065,700055,0.05
700065,700077,0.08
700065,700085,0.04
700065,700160,0.06
700065,700114,0.11
700065,700070,0.15
700065,700127,0.05
700065,700064,0.05
700065,700012,0.05
700065,700027,0.05
700065,700010,0.05
700065,700091,0.06
700065,700125,0.10
700065,700101,0.09
700065,700116,0.05
700065,700108,0.05
700065,700089,0.05
700065,700153,0.11
700065,700082,0.05
700065,700043,0.06
700075,700031,0.11
700075,700016,0.11
700075,700035,0.11
700075,700136,0.05
700075,700044,0.11
700075,700053,0.11
700075,700047,0.04
700075,700018,0.05
700075,700048,0.10
700075,700012,0.12
700075,700021,0.10
700075,700142,0.05
700008,700000,0.06
700008,700014,0.06
700008,700182,0.06
700172,700183,0.05
700172,700072,0.06
700172,700026,0.05
700172,700065,0.05
700172,700133,0.06
700172,700120,0.05
700172,700059,0.05
700172,700037,0.07
700172,700022,0.06
700172,700160,0.06
700172,700070,0.05
700172,700012,0.06
700172,700027,0.06
700172,700116,0.06
700172,700082,0.05
700163,700184,0.05
700163,700030,0.05
700163,700086,0.04
700163,700032,0.04
700163,700175,0.05
700163,700054,0.04
700163,700118,0.04
700163,700113,0.04
700163,700015,0.03
700163,700122,0.05
700163,700027,0.05
700163,700125,0.05
700163,700153,0.05
700097,700102,0.05
700097,700086,0.05
700097,700099,0.13
700097,700015,0.04
700097,700005,0.06
700097,700047,0.05
700097,700101,0.05
700074,700112,0.04
700074,700001,0.08
700074,700019,0.09
700074,700032,0.17
700074,700039,0.04
700074,700083,0.11
700074,700013,0.12
700074,700052,0.08
700074,700091,0.10
700074,700108,0.08
700074,700089,0.09
700074,700058,0.04
700165,700139,0.04
700165,700176,0.22
700165,700078,0.09
700165,700103,0.20
700165,700147,0.05
700165,700063,0.05
700165,700124,0.08
700165,700061,0.08
700165,700151,0.05
700165,700090,0.09
700165,700149,0.09
700165,700141,0.08
700165,700066,0.11
700165,700121,0.20
700165,700173,0.17
700165,700158,0.10
700165,700180,0.09
700165,700064,0.10
700165,700115,0.04
700165,700142,0.04
700165,700088,0.04
700165,700106,0.21
700165,700137,0.23
700030,700129,0.05
700030,700004,0.05
700030,700034,0.06
700030,700024,0.10
700030,700045,0.06
700030,700038,0.05
700030,700009,0.05
700030,700163,0.05
700030,700016,0.05
700030,700032,0.05
700030,700104,0.05
700030,700162,0.05
700030,700000,0.11
700030,700113,0.05
700030,700015,0.07
700030,700029,0.05
700030,700169,0.05
700030,700011,0.05
700030,700057,0.05
700030,700076,0.06
700030,700161,0.06
700030,700182,0.05
700030,700020,0.11
700030,700007,0.12
700030,700125,0.05
700030,700142,0.05
700030,700041,0.05
700030,700167,0.06
700030,700096,0.06
700030,700117,0.06
700030,700003,0.05
700030,700042,0.05
700030,700058,0.10
700147,700102,0.05
700147,700165,0.05
700147,700063,0.12
700147,700150,0.06
700147,700120,0.05
700147,700110,0.06
700147,700136,0.06
700147,700118,0.05
700147,700123,0.06
700147,700161,0.07
700147,700115,0.12
700147,700142,0.11
700147,700148,0.06
700147,700088,0.11
700133,700026,0.12
700133,700172,0.06
700133,700069,0.05
700063,700165,0.05
700063,700147,0.12
700063,700115,0.11
700063,700142,0.16
700063,700088,0.16
700086,700102,0.04
700086,700009,0.04
700086,700019,0.05
700086,700130,0.04
700086,700065,0.04
700086,700163,0.04
700086,700097,0.05
700086,700016,0.05
700086,700067,0.05
700086,700071,0.05
700086,700126,0.04
700086,700104,0.04
700086,700099,0.05
700086,700110,0.04
700086,700136,0.04
700086,700084,0.04
700086,700159,0.05
700086,700083,0.06
700086,700118,0.04
700086,700144,0.05
700086,700132,0.04
700086,700100,0.04
700086,700081,0.04
700086,700152,0.05
700086,700011,0.09
700086,700119,0.05
700086,700022,0.05
700086,700085,0.04
700086,700127,0.05
700086,700064,0.05
700086,700091,0.05
700086,700101,0.04
700086,700108,0.04
700086,700089,0.05
700086,700043,0.06
700016,700004,0.05
700016,700094,0.06
700016,700031,0.11
700016,700075,0.11
700016,700030,0.05
700016,700086,0.05
700016,700126,0.05
700016,700035,0.11
700016,700000,0.05
700016,700044,0.11
700016,700053,0.11
700016,700107,0.06
700016,700029,0.05
700016,700047,0.09
700016,700145,0.06
700016,700131,0.06
700016,700141,0.04
700016,700048,0.10
700016,700012,0.12
700016,700027,0.06
700016,700007,0.06
700016,700021,0.10
700016,700142,0.05
700067,700062,0.06
700067,700009,0.05
700067,700065,0.05
700067,700086,0.05
700067,700071,0.06
700067,700126,0.05
700067,700136,0.05
700067,700111,0.05
700067,700084,0.17
700067,700083,0.07
700067,700118,0.04
700067,700144,0.05
700067,700100,0.05
700067,700081,0.05
700067,700152,0.06
700067,700011,0.05
700067,700166,0.05
700067,700119,0.18
700067,700022,0.06
700067,700085,0.05
700067,700127,0.19
700067,700064,0.06
700067,700091,0.06
700067,700101,0.05
700067,700108,0.05
700067,700089,0.05
700067,700056,0.05
700067,700043,0.07
700032,700001,0.10
700032,700019,0.10
700032,700163,0.04
700032,700074,0.17
700032,700030,0.05
700032,700083,0.12
700032,700113,0.04
700032,700015,0.03
700032,700013,0.09
700032,700052,0.19
700032,700091,0.12
700032,700125,0.05
700032,700108,0.10
700032,700089,0.10
700071,700009,0.05
700071,700065,0.05
700071,700086,0.05
700071,700067,0.06
700071,700136,0.06
700071,700084,0.06
700071,700083,0.08
700071,700118,0.05
700071,700144,0.06
700071,700059,0.06
700071,700100,0.06
700071,700081,0.06
700071,700152,0.06
700071,700011,0.05
700071,700119,0.06
700071,700022,0.14
700071,700085,0.05
700071,700051,0.07
700071,700127,0.06
700071,700064,0.06
700071,700027,0.06
700071,700091,0.07
700071,700101,0.05
700071,700108,0.06
700071,700089,0.06
700071,700043,0.08
700126,700062,0.16
700126,700135,0.05
700126,700072,0.05
700126,700086,0.04
700126,700016,0.05
700126,700067,0.05
700126,700162,0.04
700126,700110,0.04
700126,700111,0.14
700126,700100,0.04
700126,700013,0.04
700126,700166,0.19
700126,700123,0.05
700126,700052,0.04
700126,700114,0.05
700126,700070,0.04
700126,700093,0.04
700126,700056,0.13
700143,700129,0.05
700143,700152,0.12
700143,700140,0.12
700143,700117,0.06
700143,700181,0.06
700124,700176,0.10
700124,700078,0.09
700124,700103,0.09
700124,700165,0.08
700124,700061,0.13
700124,700151,0.05
700124,700090,0.09
700124,700149,0.09
700124,700141,0.08
700124,700066,0.11
700124,700121,0.09
700124,700173,0.12
700124,700158,0.10
700124,700180,0.09
700124,700064,0.10
700124,700106,0.15
700124,700137,0.08
700002,700112,0.10
700002,700004,0.11
700002,700065,0.05
700002,700136,0.05
700002,700044,0.05
700002,700083,0.07
700002,700118,0.04
700002,700069,0.11
700002,700018,0.11
700002,700055,0.12
700002,700076,0.06
700002,700014,0.16
700002,700140,0.06
700002,700109,0.06
700002,700041,0.05
700002,700093,0.05
700002,700079,0.11
700002,700068,0.11
700104,700094,0.11
700104,700034,0.05
700104,700024,0.04
700104,700045,0.05
700104,700174,0.10
700104,700038,0.04
700104,700009,0.04
700104,700139,0.10
700104,700130,0.17
700104,700065,0.09
700104,700030,0.05
700104,700086,0.04
700104,700150,0.10
700104,700120,0.09
700104,700000,0.05
700104,700110,0.15
700104,700159,0.18
700104,700164,0.10
700104,700015,0.03
700104,700132,0.14
700104,700029,0.05
700104,700100,0.05
700104,700178,0.11
700104,700156,0.10
700104,700011,0.04
700104,700145,0.11
700104,700057,0.04
700104,700055,0.05
700104,700077,0.08
700104,700076,0.05
700104,700114,0.17
700104,700070,0.10
700104,700182,0.10
700104,700020,0.05
700104,700007,0.05
700104,700125,0.10
700104,700041,0.05
700104,700167,0.05
700104,700096,0.05
700104,700153,0.11
700104,700058,0.04
700061,700102,0.04
700061,700176,0.10
700061,700078,0.19
700061,700103,0.09
700061,700165,0.08
700061,700124,0.13
700061,700179,0.04
700061,700120,0.04
700061,700111,0.04
700061,700144,0.05
700061,700081,0.04
700061,700090,0.09
700061,700149,0.09
700061,700141,0.08
700061,700066,0.11
700061,700121,0.14
700061,700173,0.08
700061,700158,0.10
700061,700180,0.09
700061,700064,0.10
700061,700056,0.04
700061,700106,0.15
700061,700153,0.10
700061,700003,0.04
700061,700137,0.08
700162,700062,0.05
700162,700030,0.05
700162,700126,0.04
700162,700054,0.04
700162,700111,0.04
700162,700166,0.04
700162,700123,0.05
700162,700056,0.04
700162,700003,0.04
700175,700062,0.05
700175,700105,0.18
700175,700034,0.05
700175,700154,0.06
700175,700065,0.05
700175,700163,0.05
700175,700080,0.07
700175,700033,0.05
700175,700000,0.05
700175,700059,0.05
700175,700100,0.05
700175,700169,0.10
700175,700013,0.05
700175,700122,0.05
700175,700052,0.04
700175,700022,0.06
700175,700055,0.05
700175,700027,0.05
700175,700010,0.06
700175,700101,0.04
700175,700050,0.07
700175,700148,0.11
700175,700096,0.05
700175,700082,0.05
700039,700034,0.06
700039,700074,0.04
700039,700069,0.05
700039,700161,0.06
700039,700182,0.05
700039,700042,0.05
700039,700068,0.05
700128,700053,0.06
700128,700144,0.07
700128,700050,0.10
700128,700089,0.07
700054,700087,0.04
700054,700163,0.04
700054,700162,0.04
700054,700059,0.04
700054,700157,0.04
700054,700023,0.03
700054,700056,0.04
700054,700025,0.20
700179,700146,0.08
700179,700102,0.08
700179,700061,0.04
700179,700120,0.08
700179,700136,0.04
700179,700155,0.10
700179,700144,0.14
700179,700100,0.04
700179,700081,0.04
700179,700122,0.10
700179,700119,0.04
700179,700037,0.18
700179,700085,0.04
700179,700157,0.19
700179,700140,0.05
700179,700095,0.15
700179,700142,0.04
700179,700056,0.08
700151,700183,0.06
700151,700165,0.05
700151,700124,0.05
700151,700106,0.06
700150,700094,0.12
700150,700174,0.11
700150,700139,0.11
700150,700130,0.09
700150,700065,0.10
700150,700147,0.06
700150,700104,0.10
700150,700120,0.16
700150,700110,0.11
700150,700136,0.05
700150,700159,0.12
700150,700164,0.11
700150,700132,0.10
700150,700178,0.12
700150,700156,0.17
700150,700145,0.12
700150,700077,0.14
700150,700114,0.12
700150,700070,0.11
700150,700161,0.06
700150,700125,0.11
700150,700153,0.12
700080,700105,0.08
700080,700154,0.09
700080,700175,0.07
700080,700169,0.07
700080,700052,0.06
700080,700050,0.12
700080,700096,0.08
700080,700082,0.08
700120,700094,0.11
700120,700102,0.14
700120,700174,0.10
700120,700139,0.10
700120,700130,0.17
700120,700065,0.09
700120,700172,0.05
700120,700147,0.05
700120,700104,0.09
700120,700061,0.04
700120,700179,0.08
700120,700150,0.16
700120,700110,0.10
700120,700136,0.05
700120,700159,0.11
700120,700144,0.10
700120,700164,0.10
700120,700132,0.09
700120,700178,0.11
700120,700156,0.10
700120,700145,0.11
700120,700077,0.08
700120,700114,0.11
700120,700070,0.10
700120,700161,0.05
700120,700125,0.22
700120,700056,0.09
700120,700153,0.11
700035,700112,0.05
700035,700146,0.15
700035,700031,0.11
700035,700075,0.11
700035,700016,0.11
700035,700044,0.43
700035,700053,0.50
700035,700134,0.05
700035,700113,0.05
700035,700015,0.12
700035,700047,0.20
700035,700048,0.28
700035,700012,0.12
700035,700021,0.10
700035,700003,0.11
700033,700045,0.06
700033,700175,0.05
700033,700084,0.05
700033,700148,0.06
700033,700137,0.04
700099,700102,0.05
700099,700065,0.05
700099,700097,0.13
700099,700086,0.05
700099,700118,0.05
700099,700101,0.10
700000,700062,0.05
700000,700004,0.05
700000,700105,0.05
700000,700034,0.33
700000,700024,0.04
700000,700045,0.18
700000,700038,0.04
700000,700009,0.05
700000,700065,0.05
700000,700008,0.06
700000,700030,0.11
700000,700016,0.05
700000,700104,0.05
700000,700175,0.05
700000,700059,0.05
700000,700015,0.03
700000,700029,0.05
700000,700100,0.05
700000,700013,0.05
700000,700011,0.05
700000,700057,0.05
700000,700055,0.05
700000,700076,0.06
700000,700060,0.05
700000,700182,0.05
700000,700020,0.24
700000,700010,0.19
700000,700007,0.33
700000,700101,0.04
700000,700142,0.05
700000,700041,0.05
700000,700167,0.05
700000,700096,0.05
700000,700058,0.04
700110,700062,0.05
700110,700004,0.11
700110,700094,0.11
700110,700102,0.05
700110,700174,0.10
700110,700139,0.10
700110,700130,0.13
700110,700065,0.10
700110,700147,0.06
700110,700086,0.04
700110,700126,0.04
700110,700104,0.15
700110,700150,0.11
700110,700120,0.10
700110,700111,0.05
700110,700159,0.19
700110,700118,0.04
700110,700164,0.10
700110,700069,0.10
700110,700132,0.14
700110,700178,0.12
700110,700156,0.10
700110,700013,0.05
700110,700166,0.05
700110,700145,0.11
700110,700018,0.10
700110,700077,0.09
700110,700114,0.18
700110,700070,0.10
700110,700125,0.11
700110,700056,0.04
700110,700153,0.11
700110,700068,0.10
700136,700009,0.05
700136,700065,0.05
700136,700075,0.05
700136,700147,0.06
700136,700086,0.04
700136,700067,0.05
700136,700071,0.06
700136,700002,0.05
700136,700179,0.04
700136,700150,0.05
700136,700120,0.05
700136,700084,0.05
700136,700044,0.05
700136,700083,0.13
700136,700118,0.04
700136,700144,0.11
700136,700100,0.10
700136,700081,0.10
700136,700152,0.05
700136,700011,0.05
700136,700119,0.05
700136,700022,0.06
700136,700085,0.10
700136,700127,0.05
700136,700161,0.06
700136,700060,0.05
700136,700064,0.05
700136,700091,0.06
700136,700101,0.04
700136,700108,0.05
700136,700093,0.05
700136,700089,0.05
700136,700003,0.05
700136,700043,0.06
700036,700107,0.06
700036,700166,0.05
700036,700037,0.07
700036,700157,0.05
700036,700095,0.06
700036,700096,0.06
700111,700129,0.04
700111,700062,0.18
700111,700028,0.05
700111,700019,0.05
700111,700026,0.05
700111,700067,0.05
700111,700126,0.14
700111,700061,0.04
700111,700162,0.04
700111,700110,0.05
700111,700169,0.05
700111,700081,0.10
700111,700013,0.05
700111,700166,0.15
700111,700123,0.05
700111,700114,0.05
700111,700014,0.10
700111,700108,0.05
700111,700006,0.05
700111,700056,0.14
700111,700153,0.05
700111,700003,0.05
700111,700068,0.05
700155,700146,0.10
700155,700179,0.10
700155,700073,0.07
700155,700122,0.12
700155,700037,0.15
700155,700157,0.11
700155,700014,0.05
700155,700095,0.12
700155,700093,0.05
700084,700045,0.05
700084,700009,0.05
700084,700130,0.04
700084,700065,0.05
700084,700086,0.04
700084,700067,0.17
700084,700071,0.06
700084,700033,0.05
700084,700136,0.05
700084,700083,0.06
700084,700118,0.04
700084,700144,0.05
700084,700100,0.05
700084,700081,0.05
700084,700152,0.05
700084,700011,0.05
700084,700119,0.17
700084,700022,0.06
700084,700017,0.05
700084,700085,0.05
700084,700127,0.18
700084,700064,0.05
700084,700091,0.06
700084,700101,0.04
700084,700108,0.05
700084,700088,0.05
700084,700089,0.05
700084,700137,0.04
700084,700043,0.06
700159,700094,0.13
700159,700105,0.06
700159,700174,0.12
700159,700038,0.05
700159,700139,0.27
700159,700130,0.15
700159,700065,0.11
700159,700086,0.05
700159,700104,0.18
700159,700150,0.12
700159,700120,0.11
700159,700110,0.19
700159,700164,0.12
700159,700015,0.04
700159,700132,0.17
700159,700178,0.14
700159,700156,0.12
700159,700145,0.13
700159,700077,0.10
700159,700114,0.13
700159,700070,0.12
700159,700125,0.12
700159,700093,0.06
700159,700153,0.13
700044,700146,0.15
700044,700031,0.11
700044,700075,0.11
700044,700016,0.11
700044,700002,0.05
700044,700035,0.43
700044,700136,0.05
700044,700053,0.40
700044,700083,0.07
700044,700134,0.05
700044,700015,0.12
700044,700047,0.20
700044,700048,0.28
700044,700012,0.12
700044,700021,0.10
700044,700093,0.05
700044,700003,0.11
700053,700146,0.14
700053,700031,0.10
700053,700075,0.11
700053,700016,0.11
700053,700128,0.06
700053,700035,0.50
700053,700044,0.40
700053,700144,0.05
700053,700134,0.05
700053,700113,0.05
700053,700015,0.11
700053,700047,0.19
700053,700051,0.06
700053,700048,0.26
700053,700012,0.11
700053,700021,0.10
700053,700050,0.07
700053,700089,0.05
700053,700003,0.10
700083,700001,0.13
700083,700009,0.06
700083,700019,0.14
700083,700065,0.06
700083,700074,0.11
700083,700086,0.06
700083,700067,0.07
700083,700032,0.12
700083,700071,0.08
700083,700002,0.07
700083,700136,0.13
700083,700084,0.06
700083,700044,0.07
700083,700118,0.05
700083,700144,0.07
700083,700100,0.06
700083,700081,0.06
700083,700013,0.12
700083,700152,0.07
700083,700011,0.06
700083,700119,0.07
700083,700052,0.12
700083,700022,0.08
700083,700085,0.06
700083,700127,0.07
700083,700064,0.07
700083,700091,0.30
700083,700101,0.06
700083,700108,0.21
700083,700093,0.06
700083,700089,0.23
700083,700043,0.09
700118,700004,0.04
700118,700102,0.04
700118,700001,0.04
700118,700009,0.04
700118,700065,0.04
700118,700163,0.04
700118,700147,0.05
700118,700086,0.04
700118,700067,0.04
700118,700071,0.05
700118,700002,0.04
700118,700099,0.05
700118,700110,0.04
700118,700136,0.04
700118,700084,0.04
700118,700083,0.05
700118,700144,0.04
700118,700100,0.04
700118,700081,0.04
700118,700152,0.05
700118,700011,0.04
700118,700119,0.04
700118,700022,0.05
700118,700085,0.04
700118,700014,0.04
700118,700070,0.04
700118,700127,0.05
700118,700064,0.05
700118,700091,0.05
700118,700101,0.17
700118,700108,0.04
700118,700089,0.09
700118,700043,0.05
700144,700102,0.10
700144,700009,0.05
700144,700065,0.05
700144,700086,0.05
700144,700067,0.05
700144,700071,0.06
700144,700061,0.05
700144,700128,0.07
700144,700179,0.14
700144,700120,0.10
700144,700136,0.11
700144,700084,0.05
700144,700053,0.05
700144,700083,0.07
700144,700118,0.04
700144,700100,0.11
700144,700081,0.11
700144,700152,0.06
700144,700011,0.05
700144,700119,0.05
700144,700022,0.06
700144,700085,0.10
700144,700127,0.06
700144,700064,0.06
700144,700091,0.06
700144,700101,0.05
700144,700108,0.05
700144,700050,0.07
700144,700089,0.11
700144,700056,0.10
700144,700043,0.07
700107,700094,0.06
700107,700016,0.06
700107,700036,0.06
700107,700029,0.05
700107,700047,0.05
700107,700145,0.06
700107,700131,0.06
700107,700141,0.04
700107,700076,0.06
700107,700027,0.06
700164,700094,0.18
700164,700174,0.10
700164,700001,0.05
700164,700139,0.10
700164,700130,0.08
700164,700065,0.10
700164,700104,0.10
700164,700150,0.11
700164,700120,0.10
700164,700110,0.10
700164,700159,0.12
700164,700015,0.03
700164,700132,0.09
700164,700178,0.12
700164,700156,0.10
700164,700145,0.11
700164,700077,0.09
700164,700114,0.11
700164,700070,0.10
700164,700173,0.04
700164,700125,0.11
700164,700096,0.05
700164,700153,0.11
700069,700112,0.09
700069,700004,0.40
700069,700034,0.05
700069,700026,0.05
700069,700133,0.05
700069,700002,0.11
700069,700039,0.05
700069,700110,0.10
700069,700169,0.05
700069,700018,0.38
700069,700055,0.11
700069,700014,0.10
700069,700161,0.06
700069,700182,0.05
700069,700079,0.11
700069,700042,0.05
700069,700068,0.69
700134,700146,0.04
700134,700004,0.05
700134,700035,0.05
700134,700044,0.05
700134,700053,0.05
700134,700015,0.03
700134,700047,0.09
700134,700131,0.06
700134,700114,0.05
700134,700048,0.04
700134,700056,0.04
700134,700003,0.05
700134,700042,0.05
700059,700062,0.05
700059,700105,0.05
700059,700034,0.05
700059,700065,0.05
700059,700172,0.05
700059,700071,0.06
700059,700175,0.05
700059,700054,0.04
700059,700000,0.05
700059,700100,0.10
700059,700013,0.05
700059,700055,0.05
700059,700010,0.06
700059,700101,0.04
700113,700163,0.04
700113,700030,0.05
700113,700032,0.04
700113,700035,0.05
700113,700053,0.05
700113,700015,0.03
700113,700125,0.05
700015,700146,0.10
700015,700105,0.04
700015,700034,0.04
700015,700024,0.07
700015,700045,0.04
700015,700001,0.03
700015,700038,0.10
700015,700009,0.03
700015,700163,0.03
700015,700097,0.04
700015,700030,0.07
700015,700032,0.03
700015,700104,0.03
700015,700035,0.12
700015,700000,0.03
700015,700159,0.04
700015,700044,0.12
700015,700053,0.11
700015,700164,0.03
700015,700134,0.03
700015,700113,0.03
700015,700029,0.03
700015,700005,0.04
700015,700047,0.18
700015,700011,0.07
700015,700057,0.07
700015,700076,0.04
700015,700048,0.10
700015,700182,0.03
700015,700020,0.04
700015,700007,0.04
700015,700125,0.04
700015,700041,0.04
700015,700167,0.04
700015,700096,0.04
700015,700003,0.07
700015,700042,0.03
700015,700058,0.03
700132,700094,0.10
700132,700174,0.09
700132,700139,0.09
700132,700130,0.12
700132,700065,0.09
700132,700086,0.04
700132,700104,0.14
700132,700150,0.10
700132,700120,0.09
700132,700110,0.14
700132,700159,0.17
700132,700164,0.09
700132,700178,0.11
700132,700156,0.09
700132,700145,0.10
700132,700119,0.05
700132,700057,0.04
700132,700077,0.17
700132,700114,0.10
700132,700140,0.05
700132,700070,0.09
700132,700010,0.05
700132,700125,0.10
700132,700153,0.10
700132,700082,0.05
700029,700094,0.05
700029,700034,0.05
700029,700024,0.04
700029,700045,0.05
700029,700038,0.04
700029,700009,0.05
700029,700030,0.05
700029,700016,0.05
700029,700104,0.05
700029,700000,0.05
700029,700107,0.05
700029,700015,0.03
700029,700047,0.04
700029,700169,0.05
700029,700011,0.05
700029,700145,0.05
700029,700131,0.06
700029,700057,0.05
700029,700141,0.04
700029,700076,0.06
700029,700182,0.05
700029,700020,0.05
700029,700027,0.05
700029,700007,0.05
700029,700041,0.05
700029,700167,0.05
700029,700096,0.05
700029,700058,0.04
700005,700097,0.06
700005,700015,0.04
700005,700047,0.04
700005,700167,0.06
700047,700146,0.12
700047,700094,0.05
700047,700031,0.04
700047,700075,0.04
700047,700097,0.05
700047,700016,0.09
700047,700035,0.20
700047,700044,0.20
700047,700053,0.19
700047,700107,0.05
700047,700134,0.09
700047,700015,0.18
700047,700029,0.04
700047,700005,0.04
700047,700145,0.05
700047,700131,0.05
700047,700141,0.04
700047,700048,0.29
700047,700012,0.05
700047,700027,0.05
700047,700021,0.04
700047,700003,0.09
700100,700062,0.05
700100,700105,0.05
700100,700034,0.05
700100,700135,0.05
700100,700009,0.05
700100,700026,0.05
700100,700065,0.10
700100,700086,0.04
700100,700067,0.05
700100,700071,0.06
700100,700126,0.04
700100,700104,0.05
700100,700175,0.05
700100,700179,0.04
700100,700000,0.05
700100,700136,0.10
700100,700084,0.05
700100,700083,0.06
700100,700118,0.04
700100,700144,0.11
700100,700059,0.10
700100,700081,0.10
700100,700013,0.05
700100,700152,0.05
700100,700011,0.05
700100,700119,0.05
700100,700022,0.06
700100,700055,0.11
700100,700085,0.10
700100,700127,0.05
700100,700182,0.05
700100,700064,0.05
700100,700010,0.06
700100,700091,0.06
700100,700101,0.09
700100,700108,0.05
700100,700089,0.05
700100,700043,0.06
700169,700028,0.05
700169,700105,0.11
700169,700154,0.06
700169,700078,0.05
700169,700026,0.05
700169,700030,0.05
700169,700175,0.10
700169,700080,0.07
700169,700111,0.05
700169,700069,0.05
700169,700029,0.05
700169,700052,0.04
700169,700018,0.05
700169,700161,0.06
700169,700182,0.05
700169,700050,0.07
700169,700096,0.05
700169,700079,0.05
700169,700068,0.05
700169,700082,0.05
700178,700094,0.13
700178,700174,0.12
700178,700139,0.12
700178,700130,0.10
700178,700065,0.11
700178,700104,0.11
700178,700150,0.12
700178,700120,0.11
700178,700110,0.12
700178,700159,0.14
700178,700164,0.12
700178,700132,0.11
700178,700156,0.12
700178,700145,0.21
700178,700077,0.10
700178,700114,0.13
700178,700070,0.19
700178,700125,0.12
700178,700153,0.21
700156,700094,0.11
700156,700174,0.10
700156,700139,0.10
700156,700130,0.08
700156,700065,0.10
700156,700104,0.10
700156,700150,0.17
700156,700120,0.10
700156,700110,0.10
700156,700159,0.12
700156,700164,0.10
700156,700132,0.09
700156,700178,0.12
700156,700145,0.11
700156,700077,0.09
700156,700114,0.11
700156,700070,0.10
700156,700125,0.11
700156,700153,0.11
700081,700009,0.05
700081,700065,0.05
700081,700086,0.04
700081,700067,0.05
700081,700071,0.06
700081,700061,0.04
700081,700179,0.04
700081,700136,0.10
700081,700111,0.10
700081,700084,0.05
700081,700083,0.06
700081,700118,0.04
700081,700144,0.11
700081,700100,0.10
700081,700152,0.05
700081,700011,0.05
700081,700119,0.05
700081,700022,0.06
700081,700085,0.15
700081,700014,0.05
700081,700127,0.05
700081,700064,0.05
700081,700091,0.06
700081,700101,0.04
700081,700108,0.05
700081,700089,0.05
700081,700006,0.05
700081,700153,0.05
700081,700003,0.05
700081,700043,0.06
700073,700155,0.07
700013,700062,0.11
700013,700105,0.05
700013,700034,0.05
700013,700001,0.10
700013,700019,0.10
700013,700065,0.04
700013,700074,0.12
700013,700032,0.09
700013,700126,0.04
700013,700175,0.05
700013,700000,0.05
700013,700110,0.05
700013,700111,0.05
700013,700083,0.12
700013,700059,0.05
700013,700100,0.05
700013,700166,0.04
700013,700052,0.14
700013,700055,0.05
700013,700114,0.05
700013,700048,0.04
700013,700010,0.05
700013,700091,0.12
700013,700101,0.04
700013,700108,0.10
700013,700089,0.10
700013,700056,0.04
700090,700146,0.09
700090,700176,0.11
700090,700078,0.14
700090,700031,0.10
700090,700103,0.10
700090,700165,0.09
700090,700124,0.09
700090,700061,0.09
700090,700011,0.04
700090,700149,0.21
700090,700141,0.17
700090,700066,0.11
700090,700121,0.21
700090,700173,0.08
700090,700158,0.11
700090,700180,0.20
700090,700064,0.11
700090,700023,0.08
700090,700046,0.05
700090,700089,0.05
700090,700106,0.22
700090,700137,0.18
700152,700129,0.05
700152,700009,0.05
700152,700065,0.05
700152,700086,0.05
700152,700067,0.06
700152,700071,0.06
700152,700143,0.12
700152,700136,0.05
700152,700084,0.05
700152,700083,0.07
700152,700118,0.05
700152,700144,0.06
700152,700100,0.05
700152,700081,0.05
700152,700011,0.05
700152,700119,0.06
700152,700022,0.06
700152,700085,0.05
700152,700140,0.06
700152,700127,0.06
700152,700064,0.06
700152,700091,0.07
700152,700101,0.05
700152,700108,0.05
700152,700089,0.06
700152,700117,0.06
700152,700043,0.07
700011,700034,0.05
700011,700024,0.09
700011,700045,0.05
700011,700038,0.09
700011,700009,0.09
700011,700065,0.04
700011,700030,0.05
700011,700086,0.09
700011,700067,0.05
700011,700071,0.05
700011,700104,0.04
700011,700000,0.05
700011,700136,0.05
700011,700084,0.05
700011,700083,0.06
700011,700118,0.04
700011,700144,0.05
700011,700015,0.07
700011,700029,0.05
700011,700100,0.05
700011,700081,0.05
700011,700090,0.04
700011,700152,0.05
700011,700119,0.05
700011,700057,0.14
700011,700022,0.05
700011,700055,0.05
700011,700085,0.04
700011,700076,0.05
700011,700127,0.05
700011,700182,0.10
700011,700064,0.05
700011,700020,0.05
700011,700091,0.06
700011,700007,0.05
700011,700101,0.04
700011,700108,0.05
700011,700041,0.05
700011,700167,0.05
700011,700046,0.05
700011,700096,0.05
700011,700089,0.10
700011,700058,0.04
700011,700043,0.06
700166,700062,0.17
700166,700072,0.05
700166,700067,0.05
700166,700126,0.19
700166,700162,0.04
700166,700110,0.05
700166,700036,0.05
700166,700111,0.15
700166,700013,0.04
700166,700123,0.05
700166,700114,0.05
700166,700161,0.05
700166,700010,0.05
700166,700056,0.14
700145,700094,0.20
700145,700174,0.11
700145,700139,0.11
700145,700130,0.09
700145,700065,0.11
700145,700016,0.06
700145,700104,0.11
700145,700150,0.12
700145,700120,0.11
700145,700110,0.11
700145,700159,0.13
700145,700107,0.06
700145,700164,0.11
700145,700132,0.10
700145,700029,0.05
700145,700047,0.05
700145,700178,0.21
700145,700156,0.11
700145,700131,0.06
700145,700141,0.04
700145,700077,0.10
700145,700114,0.12
700145,700070,0.11
700145,700027,0.06
700145,700125,0.12
700145,700153,0.12
700149,700146,0.09
700149,700176,0.11
700149,700078,0.10
700149,700031,0.10
700149,700103,0.16
700149,700165,0.09
700149,700124,0.09
700149,700061,0.09
700149,700090,0.21
700149,700141,0.18
700149,700066,0.12
700149,700121,0.22
700149,700173,0.09
700149,700158,0.11
700149,700180,0.28
700149,700064,0.11
700149,700023,0.08
700149,700106,0.24
700149,700137,0.19
700131,700004,0.06
700131,700094,0.06
700131,700072,0.21
700131,700016,0.06
700131,700107,0.06
700131,700134,0.06
700131,700029,0.06
700131,700047,0.05
700131,700145,0.06
700131,700141,0.05
700131,700114,0.06
700131,700027,0.06
700131,700056,0.05
700122,700146,0.10
700122,700163,0.05
700122,700175,0.05
700122,700179,0.10
700122,700155,0.12
700122,700037,0.15
700122,700157,0.11
700122,700027,0.06
700122,700095,0.12
700123,700062,0.06
700123,700147,0.06
700123,700126,0.05
700123,700162,0.05
700123,700111,0.05
700123,700166,0.05
700123,700088,0.05
700123,700056,0.05
700119,700009,0.05
700119,700065,0.05
700119,700086,0.05
700119,700067,0.18
700119,700071,0.06
700119,700179,0.04
700119,700136,0.05
700119,700084,0.17
700119,700083,0.07
700119,700118,0.04
700119,700144,0.05
700119,700132,0.05
700119,700100,0.05
700119,700081,0.05
700119,700152,0.06
700119,700011,0.05
700119,700022,0.06
700119,700085,0.05
700119,700140,0.06
700119,700127,0.19
700119,700064,0.06
700119,700091,0.06
700119,700101,0.05
700119,700108,0.05
700119,700089,0.05
700119,700043,0.07
700052,700105,0.05
700052,700001,0.09
700052,700154,0.05
700052,700019,0.10
700052,700074,0.08
700052,700032,0.19
700052,700126,0.04
700052,700175,0.04
700052,700080,0.06
700052,700083,0.12
700052,700169,0.04
700052,700013,0.14
700052,700070,0.04
700052,700048,0.04
700052,700091,0.11
700052,700108,0.09
700052,700050,0.06
700052,700093,0.04
700052,700096,0.05
700052,700089,0.10
700052,700082,0.05
700057,700034,0.05
700057,700024,0.09
700057,700045,0.05
700057,700038,0.19
700057,700009,0.04
700057,700030,0.05
700057,700104,0.04
700057,700000,0.05
700057,700015,0.07
700057,700132,0.04
700057,700029,0.05
700057,700011,0.14
700057,700076,0.05
700057,700182,0.15
700057,700020,0.05
700057,700010,0.05
700057,700007,0.05
700057,700041,0.05
700057,700167,0.05
700057,700096,0.05
700057,700082,0.05
700057,700058,0.04
700170,700017,0.05
700170,700157,0.05
700141,700146,0.08
700141,700094,0.04
700141,700176,0.09
700141,700078,0.08
700141,700031,0.08
700141,700103,0.08
700141,700165,0.08
700141,700016,0.04
700141,700124,0.08
700141,700061,0.08
700141,700107,0.04
700141,700029,0.04
700141,700047,0.04
700141,700090,0.17
700141,700145,0.04
700141,700149,0.18
700141,700131,0.05
700141,700066,0.10
700141,700121,0.18
700141,700173,0.07
700141,700158,0.09
700141,700180,0.17
700141,700064,0.09
700141,700023,0.07
700141,700027,0.09
700141,700106,0.19
700141,700137,0.16
700037,700183,0.06
700037,700146,0.12
700037,700072,0.07
700037,700065,0.06
700037,700172,0.07
700037,700179,0.18
700037,700036,0.07
700037,700155,0.15
700037,700122,0.15
700037,700022,0.08
700037,700160,0.08
700037,700157,0.31
700037,700070,0.06
700037,700012,0.07
700037,700027,0.07
700037,700095,0.36
700037,700116,0.07
700037,700082,0.07
700022,700183,0.06
700022,700174,0.06
700022,700009,0.05
700022,700072,0.06
700022,700065,0.11
700022,700172,0.06
700022,700086,0.05
700022,700067,0.06
700022,700071,0.14
700022,700175,0.06
700022,700136,0.06
700022,700084,0.06
700022,700083,0.08
700022,700118,0.05
700022,700144,0.06
700022,700100,0.06
700022,700081,0.06
700022,700152,0.06
700022,700011,0.05
700022,700119,0.06
700022,700037,0.08
700022,700085,0.05
700022,700160,0.07
700022,700070,0.06
700022,700051,0.07
700022,700127,0.06
700022,700064,0.06
700022,700012,0.06
700022,700027,0.13
700022,700091,0.07
700022,700101,0.05
700022,700116,0.06
700022,700108,0.06
700022,700093,0.06
700022,700148,0.06
700022,700089,0.06
700022,700082,0.06
700022,700043,0.08
700017,700084,0.05
700017,700170,0.05
700017,700157,0.05
700017,700127,0.05
700018,700112,0.09
700018,700004,0.40
700018,700135,0.05
700018,700075,0.05
700018,700002,0.11
700018,700110,0.10
700018,700069,0.38
700018,700169,0.05
700018,700055,0.11
700018,700014,0.10
700018,700079,0.17
700018,700068,0.38
700055,700112,0.10
700055,700062,0.06
700055,700004,0.12
700055,700105,0.06
700055,700034,0.06
700055,700065,0.05
700055,700002,0.12
700055,700104,0.05
700055,700175,0.05
700055,700000,0.05
700055,700069,0.11
700055,700059,0.05
700055,700100,0.11
700055,700013,0.05
700055,700011,0.05
700055,700018,0.11
700055,700014,0.11
700055,700182,0.05
700055,700010,0.06
700055,700101,0.05
700055,700079,0.12
700055,700068,0.11
700055,700082,0.06
700077,700094,0.10
700077,700024,0.04
700077,700174,0.09
700077,700139,0.09
700077,700130,0.07
700077,700065,0.08
700077,700104,0.08
700077,700150,0.14
700077,700120,0.08
700077,700110,0.09
700077,700159,0.10
700077,700164,0.09
700077,700132,0.17
700077,700178,0.10
700077,700156,0.09
700077,700145,0.10
700077,700114,0.10
700077,700070,0.14
700077,700125,0.09
700077,700153,0.10
700077,700181,0.05
700066,700176,0.13
700066,700078,0.11
700066,700103,0.12
700066,700165,0.11
700066,700124,0.11
700066,700061,0.11
700066,700090,0.11
700066,700149,0.12
700066,700141,0.10
700066,700121,0.12
700066,700173,0.10
700066,700158,0.21
700066,700180,0.11
700066,700064,0.13
700066,700106,0.12
700066,700137,0.10
700085,700183,0.05
700085,700009,0.04
700085,700065,0.04
700085,700086,0.04
700085,700067,0.05
700085,700071,0.05
700085,700179,0.04
700085,700136,0.10
700085,700084,0.05
700085,700083,0.06
700085,700118,0.04
700085,700144,0.10
700085,700100,0.10
700085,700081,0.15
700085,700152,0.05
700085,700011,0.04
700085,700119,0.05
700085,700022,0.05
700085,700127,0.05
700085,700064,0.05
700085,700091,0.06
700085,700101,0.04
700085,700108,0.05
700085,700089,0.05
700085,700043,0.06
700160,700183,0.06
700160,700129,0.05
700160,700072,0.07
700160,700065,0.06
700160,700172,0.06
700160,700037,0.08
700160,700022,0.07
700160,700070,0.06
700160,700012,0.14
700160,700027,0.07
700160,700116,0.07
700160,700082,0.06
700160,700181,0.07
700040,700031,0.05
700040,700093,0.10
700157,700183,0.10
700157,700146,0.09
700157,700135,0.05
700157,700054,0.04
700157,700179,0.19
700157,700036,0.05
700157,700155,0.11
700157,700122,0.11
700157,700170,0.05
700157,700037,0.31
700157,700017,0.05
700157,700180,0.10
700157,700095,0.25
700157,700101,0.04
700076,700112,0.05
700076,700034,0.06
700076,700024,0.05
700076,700045,0.06
700076,700049,0.15
700076,700038,0.05
700076,700092,0.14
700076,700009,0.05
700076,700030,0.06
700076,700002,0.06
700076,700104,0.05
700076,700000,0.06
700076,700107,0.06
700076,700015,0.04
700076,700029,0.06
700076,700011,0.05
700076,700057,0.05
700076,700182,0.06
700076,700020,0.06
700076,700007,0.06
700076,700041,0.12
700076,700167,0.06
700076,700096,0.06
700076,700058,0.05
700114,700062,0.06
700114,700004,0.06
700114,700094,0.12
700114,700174,0.11
700114,700139,0.11
700114,700130,0.09
700114,700065,0.11
700114,700126,0.05
700114,700104,0.17
700114,700150,0.12
700114,700120,0.11
700114,700110,0.18
700114,700111,0.05
700114,700159,0.13
700114,700164,0.11
700114,700134,0.05
700114,700132,0.10
700114,700178,0.13
700114,700156,0.11
700114,700013,0.05
700114,700166,0.05
700114,700145,0.12
700114,700131,0.06
700114,700077,0.10
700114,700070,0.11
700114,700125,0.12
700114,700056,0.10
700114,700153,0.12
700014,700112,0.09
700014,700004,0.10
700014,700078,0.04
700014,700008,0.06
700014,700002,0.16
700014,700111,0.10
700014,700155,0.05
700014,700118,0.04
700014,700069,0.10
700014,700081,0.05
700014,700018,0.10
700014,700055,0.11
700014,700093,0.05
700014,700006,0.05
700014,700079,0.10
700014,700068,0.10
700121,700146,0.09
700121,700176,0.25
700121,700078,0.10
700121,700031,0.10
700121,700103,0.22
700121,700165,0.20
700121,700124,0.09
700121,700061,0.14
700121,700090,0.21
700121,700149,0.22
700121,700141,0.18
700121,700066,0.12
700121,700173,0.19
700121,700158,0.11
700121,700180,0.21
700121,700064,0.11
700121,700023,0.08
700121,700106,0.24
700121,700153,0.05
700121,700137,0.32
700140,700129,0.05
700140,700143,0.12
700140,700002,0.06
700140,700179,0.05
700140,700132,0.05
700140,700152,0.06
700140,700119,0.06
700140,700109,0.06
700140,700117,0.06
700070,700183,0.05
700070,700004,0.05
700070,700094,0.11
700070,700024,0.04
700070,700174,0.10
700070,700038,0.04
700070,700139,0.10
700070,700072,0.05
700070,700130,0.08
700070,700065,0.15
700070,700172,0.05
700070,700126,0.04
700070,700104,0.10
700070,700150,0.11
700070,700120,0.10
700070,700110,0.10
700070,700159,0.12
700070,700118,0.04
700070,700164,0.10
700070,700132,0.09
700070,700178,0.19
700070,700156,0.10
700070,700145,0.11
700070,700052,0.04
700070,700037,0.06
700070,700022,0.06
700070,700077,0.14
700070,700160,0.06
700070,700114,0.11
700070,700012,0.05
700070,700027,0.05
700070,700125,0.11
700070,700116,0.05
700070,700093,0.05
700070,700089,0.05
700070,700153,0.18
700070,700082,0.05
700051,700071,0.07
700051,700053,0.06
700051,700022,0.07
700051,700027,0.07
700127,700135,0.06
700127,700009,0.05
700127,700072,0.06
700127,700065,0.05
700127,700086,0.05
700127,700067,0.19
700127,700071,0.06
700127,700136,0.05
700127,700084,0.18
700127,700083,0.07
700127,700118,0.05
700127,700144,0.06
700127,700100,0.05
700127,700081,0.05
700127,700152,0.06
700127,700011,0.05
700127,700119,0.19
700127,700022,0.06
700127,700017,0.05
700127,700085,0.05
700127,700064,0.06
700127,700091,0.07
700127,700101,0.05
700127,700108,0.05
700127,700089,0.06
700127,700043,0.07
700109,700002,0.06
700109,700140,0.06
700109,700115,0.06
700161,700112,0.05
700161,700034,0.06
700161,700045,0.06
700161,700001,0.06
700161,700030,0.06
700161,700147,0.07
700161,700039,0.06
700161,700150,0.06
700161,700120,0.05
700161,700136,0.06
700161,700069,0.06
700161,700169,0.06
700161,700166,0.05
700161,700182,0.06
700161,700148,0.06
700161,700096,0.06
700161,700042,0.06
700161,700068,0.06
700173,700176,0.28
700173,700078,0.08
700173,700103,0.19
700173,700165,0.17
700173,700124,0.12
700173,700061,0.08
700173,700164,0.04
700173,700090,0.08
700173,700149,0.09
700173,700141,0.07
700173,700066,0.10
700173,700121,0.19
700173,700158,0.10
700173,700180,0.08
700173,700064,0.10
700173,700096,0.05
700173,700106,0.09
700173,700137,0.17
700060,700001,0.05
700060,700000,0.05
700060,700136,0.05
700060,700003,0.05
700158,700176,0.12
700158,700078,0.17
700158,700103,0.11
700158,700165,0.10
700158,700124,0.10
700158,700061,0.10
700158,700090,0.11
700158,700149,0.11
700158,700141,0.09
700158,700066,0.21
700158,700121,0.11
700158,700173,0.10
700158,700180,0.11
700158,700064,0.12
700158,700106,0.12
700158,700137,0.10
700048,700146,0.13
700048,700028,0.05
700048,700031,0.09
700048,700075,0.10
700048,700016,0.10
700048,700035,0.28
700048,700044,0.28
700048,700053,0.26
700048,700134,0.04
700048,700015,0.10
700048,700047,0.29
700048,700013,0.04
700048,700052,0.04
700048,700012,0.10
700048,700021,0.09
700048,700003,0.09
700182,700034,0.11
700182,700024,0.04
700182,700045,0.05
700182,700038,0.04
700182,700009,0.05
700182,700008,0.06
700182,700030,0.05
700182,700104,0.10
700182,700039,0.05
700182,700000,0.05
700182,700069,0.05
700182,700015,0.03
700182,700029,0.05
700182,700100,0.05
700182,700169,0.05
700182,700011,0.10
700182,700057,0.15
700182,700055,0.05
700182,700076,0.06
700182,700161,0.06
700182,700020,0.05
700182,700007,0.05
700182,700041,0.05
700182,700167,0.05
700182,700096,0.05
700182,700042,0.05
700182,700068,0.05
700182,700058,0.04
700180,700183,0.10
700180,700146,0.09
700180,700135,0.05
700180,700176,0.11
700180,700078,0.09
700180,700031,0.10
700180,700103,0.15
700180,700165,0.09
700180,700124,0.09
700180,700061,0.09
700180,700090,0.20
700180,700149,0.28
700180,700141,0.17
700180,700066,0.11
700180,700157,0.10
700180,700121,0.21
700180,700173,0.08
700180,700158,0.11
700180,700064,0.11
700180,700023,0.08
700180,700106,0.22
700180,700079,0.05
700180,700137,0.18
700064,700009,0.05
700064,700176,0.12
700064,700078,0.11
700064,700103,0.11
700064,700065,0.05
700064,700165,0.10
700064,700086,0.05
700064,700067,0.06
700064,700071,0.06
700064,700124,0.10
700064,700061,0.10
700064,700136,0.05
700064,700084,0.05
700064,700083,0.07
700064,700118,0.05
700064,700144,0.06
700064,700100,0.05
700064,700081,0.05
700064,700090,0.11
700064,700152,0.06
700064,700011,0.05
700064,700149,0.11
700064,700119,0.06
700064,700141,0.09
700064,700022,0.06
700064,700066,0.13
700064,700085,0.05
700064,700121,0.11
700064,700127,0.06
700064,700173,0.10
700064,700158,0.12
700064,700180,0.11
700064,700091,0.07
700064,700101,0.05
700064,700108,0.05
700064,700089,0.06
700064,700106,0.19
700064,700137,0.10
700064,700043,0.07
700023,700146,0.08
700023,700031,0.13
700023,700054,0.03
700023,700090,0.08
700023,700149,0.08
700023,700141,0.07
700023,700121,0.08
700023,700180,0.08
700023,700106,0.09
700023,700137,0.07
700023,700025,0.03
700115,700165,0.04
700115,700147,0.12
700115,700063,0.11
700115,700109,0.06
700115,700142,0.10
700115,700088,0.15
700012,700183,0.05
700012,700129,0.05
700012,700094,0.06
700012,700072,0.06
700012,700031,0.11
700012,700065,0.05
700012,700075,0.12
700012,700172,0.06
700012,700016,0.12
700012,700035,0.12
700012,700044,0.12
700012,700053,0.11
700012,700047,0.05
700012,700037,0.07
700012,700022,0.06
700012,700160,0.14
700012,700070,0.05
700012,700048,0.10
700012,700027,0.06
700012,700021,0.17
700012,700116,0.06
700012,700082,0.06
700020,700129,0.05
700020,700034,0.27
700020,700024,0.10
700020,700045,0.19
700020,700038,0.05
700020,700009,0.05
700020,700030,0.11
700020,700104,0.05
700020,700000,0.24
700020,700015,0.04
700020,700029,0.05
700020,700011,0.05
700020,700057,0.05
700020,700076,0.06
700020,700182,0.05
700020,700010,0.12
700020,700007,0.27
700020,700041,0.05
700020,700167,0.06
700020,700096,0.06
700020,700117,0.06
700020,700042,0.05
700020,700058,0.10
700027,700183,0.05
700027,700094,0.06
700027,700072,0.06
700027,700065,0.05
700027,700172,0.06
700027,700163,0.05
700027,700016,0.06
700027,700071,0.06
700027,700175,0.05
700027,700107,0.06
700027,700029,0.05
700027,700047,0.05
700027,700145,0.06
700027,700131,0.06
700027,700122,0.06
700027,700141,0.09
700027,700037,0.07
700027,700022,0.13
700027,700160,0.07
700027,700070,0.05
700027,700051,0.07
700027,700012,0.06
700027,700116,0.06
700027,700082,0.06
700010,700062,0.06
700010,700105,0.06
700010,700034,0.21
700010,700045,0.13
700010,700065,0.05
700010,700175,0.06
700010,700000,0.19
700010,700059,0.06
700010,700132,0.05
700010,700100,0.06
700010,700013,0.05
700010,700166,0.05
700010,700057,0.05
700010,700055,0.06
700010,700020,0.12
700010,700007,0.13
700010,700101,0.05
700010,700082,0.06
700095,700146,0.10
700095,700179,0.15
700095,700036,0.06
700095,700155,0.12
700095,700122,0.12
700095,700037,0.36
700095,700157,0.25
700091,700001,0.12
700091,700009,0.06
700091,700019,0.13
700091,700065,0.06
700091,700074,0.10
700091,700086,0.05
700091,700067,0.06
700091,700032,0.12
700091,700071,0.07
700091,700136,0.06
700091,700084,0.06
700091,700083,0.30
700091,700118,0.05
700091,700144,0.06
700091,700100,0.06
700091,700081,0.06
700091,700013,0.12
700091,700152,0.07
700091,700011,0.06
700091,700119,0.06
700091,700052,0.11
700091,700022,0.07
700091,700085,0.06
700091,700127,0.07
700091,700064,0.07
700091,700101,0.05
700091,700108,0.20
700091,700089,0.21
700091,700043,0.08
700007,700004,0.06
700007,700034,0.29
700007,700024,0.10
700007,700045,0.20
700007,700038,0.05
700007,700009,0.05
700007,700030,0.12
700007,700016,0.06
700007,700104,0.05
700007,700000,0.33
700007,700015,0.04
700007,700029,0.05
700007,700011,0.05
700007,700057,0.05
700007,700076,0.06
700007,700182,0.05
700007,700020,0.27
700007,700010,0.13
700007,700101,0.05
700007,700142,0.05
700007,700041,0.06
700007,700167,0.06
700007,700096,0.06
700007,700058,0.05
700021,700031,0.10
700021,700075,0.10
700021,700016,0.10
700021,700035,0.10
700021,700044,0.10
700021,700053,0.10
700021,700047,0.04
700021,700048,0.09
700021,700012,0.17
700125,700094,0.12
700125,700174,0.11
700125,700139,0.11
700125,700130,0.19
700125,700065,0.10
700125,700163,0.05
700125,700030,0.05
700125,700032,0.05
700125,700104,0.10
700125,700150,0.11
700125,700120,0.22
700125,700110,0.11
700125,700159,0.12
700125,700164,0.11
700125,700113,0.05
700125,700015,0.04
700125,700132,0.10
700125,700178,0.12
700125,700156,0.11
700125,700145,0.12
700125,700077,0.09
700125,700114,0.12
700125,700070,0.11
700125,700153,0.12
700101,700062,0.05
700101,700105,0.05
700101,700034,0.05
700101,700024,0.04
700101,700009,0.04
700101,700065,0.09
700101,700097,0.05
700101,700086,0.04
700101,700067,0.05
700101,700071,0.05
700101,700175,0.04
700101,700099,0.10
700101,700000,0.04
700101,700136,0.04
700101,700084,0.04
700101,700083,0.06
700101,700118,0.17
700101,700144,0.05
700101,700059,0.04
700101,700100,0.09
700101,700081,0.04
700101,700013,0.04
700101,700152,0.05
700101,700011,0.04
700101,700119,0.05
700101,700022,0.05
700101,700055,0.05
700101,700085,0.04
700101,700157,0.04
700101,700127,0.05
700101,700064,0.05
700101,700010,0.05
700101,700091,0.05
700101,700007,0.05
700101,700108,0.04
700101,700089,0.05
700101,700043,0.06
700142,700129,0.04
700142,700004,0.05
700142,700075,0.05
700142,700165,0.04
700142,700030,0.05
700142,700147,0.11
700142,700063,0.16
700142,700016,0.05
700142,700179,0.04
700142,700000,0.05
700142,700115,0.10
700142,700007,0.05
700142,700088,0.09
700116,700183,0.05
700116,700177,0.08
700116,700072,0.06
700116,700065,0.05
700116,700172,0.06
700116,700037,0.07
700116,700022,0.06
700116,700160,0.07
700116,700070,0.05
700116,700012,0.06
700116,700027,0.06
700116,700082,0.06
700138,700068,0.06
700108,700129,0.04
700108,700001,0.10
700108,700009,0.05
700108,700019,0.17
700108,700065,0.05
700108,700074,0.08
700108,700086,0.04
700108,700067,0.05
700108,700032,0.10
700108,700071,0.06
700108,700136,0.05
700108,700111,0.05
700108,700084,0.05
700108,700083,0.21
700108,700118,0.04
700108,700144,0.05
700108,700100,0.05
700108,700081,0.05
700108,700013,0.10
700108,700152,0.05
700108,700011,0.05
700108,700119,0.05
700108,700052,0.09
700108,700022,0.06
700108,700085,0.05
700108,700127,0.05
700108,700064,0.05
700108,700091,0.20
700108,700101,0.04
700108,700089,0.17
700108,700068,0.05
700108,700043,0.06
700041,700034,0.06
700041,700024,0.05
700041,700045,0.06
700041,700038,0.05
700041,700009,0.10
700041,700030,0.05
700041,700002,0.05
700041,700104,0.05
700041,700000,0.05
700041,700015,0.04
700041,700029,0.05
700041,700011,0.05
700041,700057,0.05
700041,700076,0.12
700041,700182,0.05
700041,700020,0.05
700041,700007,0.06
700041,700167,0.06
700041,700046,0.12
700041,700096,0.06
700041,700042,0.05
700041,700058,0.05
700167,700062,0.06
700167,700034,0.06
700167,700024,0.05
700167,700045,0.06
700167,700038,0.05
700167,700009,0.05
700167,700030,0.06
700167,700104,0.05
700167,700000,0.05
700167,700015,0.04
700167,700029,0.05
700167,700005,0.06
700167,700011,0.05
700167,700057,0.05
700167,700076,0.06
700167,700182,0.05
700167,700020,0.06
700167,700007,0.06
700167,700041,0.06
700167,700096,0.06
700167,700089,0.06
700167,700058,0.05
700050,700105,0.08
700050,700102,0.06
700050,700154,0.08
700050,700175,0.07
700050,700128,0.10
700050,700080,0.12
700050,700053,0.07
700050,700144,0.07
700050,700169,0.07
700050,700052,0.06
700050,700096,0.08
700050,700089,0.07
700050,700082,0.07
700046,700090,0.05
700046,700011,0.05
700046,700041,0.12
700046,700089,0.06
700046,700079,0.06
700093,700174,0.05
700093,700139,0.05
700093,700031,0.05
700093,700126,0.04
700093,700002,0.05
700093,700136,0.05
700093,700155,0.05
700093,700159,0.06
700093,700044,0.05
700093,700083,0.06
700093,700052,0.04
700093,700022,0.06
700093,700040,0.10
700093,700014,0.05
700093,700070,0.05
700148,700112,0.05
700148,700147,0.06
700148,700175,0.11
700148,700033,0.06
700148,700022,0.06
700148,700161,0.06
700148,700096,0.06
700088,700130,0.04
700088,700165,0.04
700088,700147,0.11
700088,700063,0.16
700088,700084,0.05
700088,700123,0.05
700088,700115,0.15
700088,700142,0.09
700096,700112,0.05
700096,700105,0.06
700096,700034,0.06
700096,700024,0.05
700096,700045,0.06
700096,700049,0.07
700096,700038,0.05
700096,700009,0.05
700096,700154,0.06
700096,700030,0.06
700096,700104,0.05
700096,700175,0.05
700096,700080,0.08
700096,700000,0.05
700096,700036,0.06
700096,700164,0.05
700096,700015,0.04
700096,700029,0.05
700096,700169,0.05
700096,700011,0.05
700096,700052,0.05
700096,700057,0.05
700096,700076,0.06
700096,700161,0.06
700096,700173,0.05
700096,700182,0.05
700096,700020,0.06
700096,700007,0.06
700096,700041,0.06
700096,700167,0.06
700096,700050,0.08
700096,700148,0.06
700096,700082,0.06
700096,700058,0.05
700089,700004,0.05
700089,700001,0.11
700089,700009,0.05
700089,700019,0.11
700089,700065,0.05
700089,700074,0.09
700089,700086,0.05
700089,700067,0.05
700089,700032,0.10
700089,700071,0.06
700089,700128,0.07
700089,700136,0.05
700089,700084,0.05
700089,700053,0.05
700089,700083,0.23
700089,700118,0.09
700089,700144,0.11
700089,700100,0.05
700089,700081,0.05
700089,700013,0.10
700089,700090,0.05
700089,700152,0.06
700089,700011,0.10
700089,700119,0.05
700089,700052,0.10
700089,700022,0.06
700089,700085,0.05
700089,700070,0.05
700089,700127,0.06
700089,700064,0.06
700089,700091,0.21
700089,700101,0.05
700089,700108,0.17
700089,700167,0.06
700089,700050,0.07
700089,700046,0.06
700089,700043,0.07
700006,700087,0.12
700006,700111,0.05
700006,700081,0.05
700006,700014,0.05
700056,700062,0.29
700056,700004,0.05
700056,700028,0.05
700056,700102,0.09
700056,700067,0.05
700056,700126,0.13
700056,700061,0.04
700056,700162,0.04
700056,700054,0.04
700056,700179,0.08
700056,700120,0.09
700056,700110,0.04
700056,700111,0.14
700056,700144,0.10
700056,700134,0.04
700056,700013,0.04
700056,700166,0.14
700056,700131,0.05
700056,700123,0.05
700056,700114,0.10
700056,700025,0.04
700106,700146,0.10
700106,700176,0.12
700106,700078,0.10
700106,700031,0.11
700106,700103,0.11
700106,700165,0.21
700106,700124,0.15
700106,700061,0.15
700106,700151,0.06
700106,700090,0.22
700106,700149,0.24
700106,700141,0.19
700106,700066,0.12
700106,700121,0.24
700106,700173,0.09
700106,700158,0.12
700106,700180,0.22
700106,700064,0.19
700106,700023,0.09
700106,700137,0.26
700153,700062,0.06
700153,700094,0.12
700153,700174,0.11
700153,700139,0.11
700153,700130,0.09
700153,700065,0.11
700153,700163,0.05
700153,700104,0.11
700153,700061,0.10
700153,700150,0.12
700153,700120,0.11
700153,700110,0.11
700153,700111,0.05
700153,700159,0.13
700153,700164,0.11
700153,700132,0.10
700153,700178,0.21
700153,700156,0.11
700153,700081,0.05
700153,700145,0.12
700153,700077,0.10
700153,700114,0.12
700153,700121,0.05
700153,700070,0.18
700153,700125,0.12
700153,700003,0.05
700117,700129,0.38
700117,700024,0.05
700117,700030,0.06
700117,700143,0.06
700117,700152,0.06
700117,700140,0.06
700117,700020,0.06
700117,700042,0.05
700117,700058,0.05
700079,700112,0.10
700079,700004,0.11
700079,700002,0.11
700079,700069,0.11
700079,700169,0.05
700079,700018,0.17
700079,700055,0.12
700079,700014,0.10
700079,700180,0.05
700079,700046,0.06
700079,700068,0.11
700003,700146,0.09
700003,700030,0.05
700003,700061,0.04
700003,700162,0.04
700003,700035,0.11
700003,700136,0.05
700003,700111,0.05
700003,700044,0.11
700003,700053,0.10
700003,700134,0.05
700003,700015,0.07
700003,700047,0.09
700003,700081,0.05
700003,700060,0.05
700003,700048,0.09
700003,700153,0.05
700042,700129,0.04
700042,700034,0.05
700042,700024,0.04
700042,700009,0.28
700042,700030,0.05
700042,700039,0.05
700042,700069,0.05
700042,700134,0.05
700042,700015,0.03
700042,700161,0.06
700042,700182,0.05
700042,700020,0.05
700042,700041,0.05
700042,700117,0.05
700042,700068,0.05
700042,700058,0.26
700068,700112,0.09
700068,700129,0.04
700068,700004,0.40
700068,700034,0.05
700068,700019,0.05
700068,700002,0.11
700068,700039,0.05
700068,700110,0.10
700068,700111,0.05
700068,700069,0.69
700068,700169,0.05
700068,700018,0.38
700068,700055,0.11
700068,700014,0.10
700068,700161,0.06
700068,700182,0.05
700068,700138,0.06
700068,700108,0.05
700068,700079,0.11
700068,700042,0.05
700082,700183,0.05
700082,700105,0.06
700082,700045,0.06
700082,700154,0.06
700082,700072,0.06
700082,700065,0.05
700082,700172,0.05
700082,700175,0.05
700082,700080,0.08
700082,700132,0.05
700082,700169,0.05
700082,700052,0.05
700082,700057,0.05
700082,700037,0.07
700082,700022,0.06
700082,700055,0.06
700082,700160,0.06
700082,700070,0.05
700082,700012,0.06
700082,700027,0.06
700082,700010,0.06
700082,700116,0.06
700082,700050,0.07
700082,700096,0.06
700082,700043,0.14
700137,700146,0.08
700137,700045,0.05
700137,700176,0.21
700137,700078,0.08
700137,700031,0.09
700137,700103,0.19
700137,700165,0.23
700137,700124,0.08
700137,700061,0.08
700137,700033,0.04
700137,700084,0.04
700137,700090,0.18
700137,700149,0.19
700137,700141,0.16
700137,700066,0.10
700137,700121,0.32
700137,700173,0.17
700137,700158,0.10
700137,700180,0.18
700137,700064,0.10
700137,700023,0.07
700137,700106,0.26
700058,700129,0.04
700058,700034,0.05
700058,700024,0.08
700058,700045,0.05
700058,700038,0.04
700058,700009,0.25
700058,700019,0.05
700058,700074,0.04
700058,700030,0.10
700058,700104,0.04
700058,700000,0.04
700058,700015,0.03
700058,700029,0.04
700058,700011,0.04
700058,700057,0.04
700058,700076,0.05
700058,700182,0.04
700058,700020,0.10
700058,700007,0.05
700058,700041,0.05
700058,700167,0.05
700058,700096,0.05
700058,700117,0.05
700058,700042,0.26
700025,700087,0.04
700025,700031,0.04
700025,700054,0.20
700025,700023,0.03
700025,700056,0.04
700043,700045,0.07
700043,700009,0.06
700043,700065,0.06
700043,700086,0.06
700043,700067,0.07
700043,700071,0.08
700043,700136,0.06
700043,700084,0.06
700043,700083,0.09
700043,700118,0.05
700043,700144,0.07
700043,700100,0.06
700043,700081,0.06
700043,700152,0.07
700043,700011,0.06
700043,700119,0.07
700043,700022,0.08
700043,700085,0.06
700043,700127,0.07
700043,700064,0.07
700043,700091,0.08
700043,700101,0.06
700043,700108,0.06
700043,700089,0.07
700043,700082,0.14
700181,700024,0.05
700181,700143,0.06
700181,700077,0.05
700181,700160,0.07